    1850  -0.412   0.069   0.054   0.043
    1851  -0.237   0.067   0.051   0.042
    1852  -0.262   0.067   0.051   0.044
    1853  -0.335   0.066   0.049   0.044
    1854  -0.258   0.066   0.050   0.043
    1855  -0.255   0.065   0.049   0.043
    1856  -0.382   0.065   0.049   0.043
    1857  -0.484   0.064   0.048   0.043
    1858  -0.427   0.064   0.047   0.043
    1859  -0.381   0.063   0.047   0.043
    1860  -0.483   0.067   0.052   0.042
    1861  -0.506   0.067   0.052   0.042
    1862  -0.604   0.067   0.053   0.041
    1863  -0.402   0.067   0.054   0.041
    1864  -0.478   0.066   0.053   0.040
    1865  -0.337   0.065   0.050   0.041
    1866  -0.310   0.066   0.051   0.043
    1867  -0.361   0.066   0.051   0.042
    1868  -0.275   0.066   0.050   0.044
    1869  -0.306   0.065   0.050   0.042
    1870  -0.350   0.060   0.043   0.041
    1871  -0.365   0.058   0.043   0.039
    1872  -0.319   0.059   0.043   0.041
    1873  -0.288   0.059   0.043   0.041
    1874  -0.406   0.059   0.041   0.042
    1875  -0.387   0.059   0.042   0.041
    1876  -0.377   0.058   0.041   0.041
    1877  -0.064   0.059   0.041   0.042
    1878   0.019   0.059   0.042   0.042
    1879  -0.258   0.058   0.041   0.040
    1880  -0.285   0.052   0.032   0.041
    1881  -0.229   0.052   0.032   0.041
    1882  -0.283   0.051   0.030   0.041
    1883  -0.334   0.052   0.030   0.042
    1884  -0.496   0.050   0.029   0.040
    1885  -0.478   0.050   0.029   0.041
    1886  -0.446   0.050   0.029   0.041
    1887  -0.483   0.050   0.030   0.040
    1888  -0.340   0.050   0.028   0.041
    1889  -0.212   0.049   0.027   0.041
    1890  -0.461   0.049   0.026   0.041
    1891  -0.377   0.049   0.026   0.041
    1892  -0.470   0.049   0.025   0.042
    1893  -0.441   0.050   0.027   0.042
    1894  -0.409   0.050   0.027   0.042
    1895  -0.382   0.048   0.025   0.042
    1896  -0.219   0.048   0.025   0.041
    1897  -0.229   0.048   0.024   0.041
    1898  -0.456   0.048   0.022   0.042
    1899  -0.300   0.047   0.022   0.042
    1900  -0.186   0.046   0.021   0.041
    1901  -0.232   0.048   0.022   0.043
    1902  -0.395   0.047   0.021   0.042
    1903  -0.473   0.046   0.021   0.041
    1904  -0.523   0.046   0.021   0.041
    1905  -0.352   0.046   0.022   0.041
    1906  -0.266   0.045   0.022   0.040
    1907  -0.433   0.044   0.021   0.038
    1908  -0.465   0.044   0.022   0.038
    1909  -0.518   0.044   0.023   0.037
    1910  -0.497   0.043   0.023   0.037
    1911  -0.516   0.042   0.023   0.035
    1912  -0.440   0.042   0.023   0.035
    1913  -0.407   0.041   0.022   0.034
    1914  -0.233   0.040   0.022   0.033
    1915  -0.162   0.039   0.022   0.032
    1916  -0.398   0.039   0.022   0.033
    1917  -0.493   0.039   0.022   0.032
    1918  -0.364   0.039   0.022   0.032
    1919  -0.299   0.037   0.022   0.030
    1920  -0.260   0.037   0.023   0.029
    1921  -0.203   0.037   0.023   0.028
    1922  -0.289   0.037   0.024   0.028
    1923  -0.268   0.036   0.024   0.027
    1924  -0.257   0.035   0.023   0.026
    1925  -0.225   0.034   0.022   0.026
    1926  -0.085   0.034   0.022   0.026
    1927  -0.194   0.033   0.022   0.024
    1928  -0.171   0.031   0.021   0.024
    1929  -0.347   0.031   0.020   0.023
    1930  -0.127   0.031   0.021   0.022
    1931  -0.069   0.030   0.021   0.021
    1932  -0.115   0.030   0.021   0.021
    1933  -0.275   0.028   0.020   0.020
    1934  -0.137   0.028   0.021   0.019
    1935  -0.170   0.027   0.020   0.018
    1936  -0.129   0.026   0.020   0.017
    1937   0.018   0.026   0.021   0.016
    1938   0.011   0.026   0.021   0.015
    1939  -0.012   0.026   0.021   0.015
    1940   0.073   0.027   0.022   0.016
    1941   0.061   0.028   0.022   0.018
    1942   0.011   0.031   0.022   0.023
    1943   0.043   0.032   0.022   0.023
    1944   0.148   0.032   0.022   0.023
    1945   0.019   0.031   0.022   0.022
    1946  -0.067   0.029   0.022   0.020
    1947   0.002   0.034   0.021   0.026
    1948  -0.070   0.034   0.021   0.027
    1949  -0.118   0.030   0.021   0.020
    1950  -0.203   0.029   0.021   0.020
    1951  -0.031   0.027   0.019   0.019
    1952   0.044   0.027   0.019   0.019
    1953   0.106   0.026   0.019   0.018
    1954  -0.095   0.026   0.019   0.018
    1955  -0.164   0.025   0.018   0.017
    1956  -0.220   0.024   0.018   0.015
    1957   0.009   0.023   0.017   0.015
    1958   0.029   0.022   0.017   0.015
    1959  -0.002   0.021   0.017   0.014
    1960  -0.052   0.020   0.015   0.013
    1961   0.027   0.018   0.013   0.013
    1962   0.000   0.018   0.013   0.012
    1963   0.035   0.018   0.012   0.014
    1964  -0.240   0.018   0.012   0.014
    1965  -0.142   0.018   0.012   0.014
    1966  -0.075   0.018   0.013   0.013
    1967  -0.039   0.016   0.011   0.011
    1968  -0.097   0.014   0.011   0.009
    1969   0.043   0.015   0.011   0.010
    1970  -0.016   0.016   0.012   0.010
    1971  -0.154   0.017   0.013   0.010
    1972  -0.073   0.016   0.013   0.009
    1973   0.059   0.015   0.013   0.008
    1974  -0.177   0.015   0.013   0.007
    1975  -0.121   0.014   0.013   0.007
    1976  -0.231   0.015   0.013   0.007
    1977   0.058   0.014   0.012   0.007
    1978  -0.054   0.014   0.012   0.008
    1979   0.031   0.016   0.013   0.009
    1980   0.141   0.015   0.013   0.008
    1981   0.187   0.015   0.013   0.008
    1982  -0.007   0.017   0.014   0.010
    1983   0.178   0.019   0.016   0.010
    1984   0.007   0.019   0.016   0.010
    1985  -0.007   0.018   0.016   0.010
    1986   0.038   0.020   0.016   0.011
    1987   0.169   0.020   0.016   0.012
    1988   0.223   0.020   0.016   0.012
    1989   0.112   0.021   0.017   0.012
    1990   0.299   0.021   0.016   0.014
    1991   0.285   0.021   0.016   0.015
    1992   0.092   0.022   0.016   0.015
    1993   0.133   0.023   0.017   0.016
    1994   0.203   0.025   0.018   0.017
    1995   0.328   0.025   0.018   0.018
    1996   0.227   0.026   0.019   0.018
    1997   0.377   0.026   0.020   0.017
    1998   0.529   0.028   0.020   0.020
    1999   0.288   0.028   0.020   0.020
    2000   0.301   0.029   0.021   0.020
    2001   0.454   0.030   0.021   0.021
    2002   0.521   0.030   0.022   0.021
    2003   0.523   0.029   0.020   0.021
    2004   0.441   0.029   0.020   0.020
    2005   0.589   0.029   0.020   0.021
    2006   0.540   0.029   0.020   0.021
    2007   0.564   0.028   0.020   0.020
    2008   0.431   0.029   0.021   0.020
    2009   0.558   0.029   0.021   0.020
    2010   0.633   0.030   0.021   0.020
    2011   0.495   0.030   0.021   0.020
    2012   0.519   0.030   0.022   0.020
    2013   0.540   0.030   0.021   0.021
    2014   0.610   0.030   0.021   0.021
    2015   0.751   0.030   0.022   0.021
