# using minimal fraction of valid points 30.00
# pr [mm/day] from HadGEM2-AO model output prepared for CMIP5 historical r1i1p1
# cutting out region lon=   -0.938  359.063, lat=  -90.000   90.000
 1860   3.141293       3.049472       3.078874       3.043030       3.162843       3.215091       3.210300       3.177474       3.101316       3.026078       3.030657       3.150467    
 1861   3.066174       3.059712       3.090173       3.098010       3.115705       3.225803       3.254565       3.120586       3.065403       3.020149       3.059023       3.065370    
 1862   3.059330       3.081360       3.050481       3.073391       3.148414       3.233965       3.195768       3.153147       3.068294       2.999567       3.075513       3.061741    
 1863   3.066164       3.065444       3.060311       3.040800       3.141037       3.204286       3.234988       3.166674       3.113503       3.020475       3.078668       3.116525    
 1864   3.087842       3.078647       3.059740       3.110691       3.107441       3.177980       3.264489       3.178257       3.089083       3.035641       3.060918       3.101331    
 1865   3.092405       3.095227       3.042484       3.113826       3.156213       3.206621       3.245987       3.160548       3.109531       3.032682       3.115138       3.104405    
 1866   3.086649       3.028902       3.110609       3.120479       3.143311       3.190692       3.240517       3.152041       3.084037       3.012523       3.090626       3.073463    
 1867   3.088894       3.099656       3.105969       3.115703       3.140314       3.209057       3.244469       3.137084       3.080765       3.023042       3.065300       3.093358    
 1868   3.068021       3.048814       3.067196       3.107416       3.158076       3.182189       3.203253       3.147299       3.087025       3.053011       3.075633       3.077456    
 1869   3.092814       3.062747       3.046272       3.086046       3.198282       3.218963       3.230127       3.194807       3.070314       3.068082       3.054335       3.053118    
 1870   3.132794       3.094609       3.040025       3.064382       3.180790       3.230367       3.213745       3.154612       3.060952       3.036977       3.055797       3.106501    
 1871   3.068989       3.092983       3.092312       3.088817       3.153828       3.218174       3.253082       3.123760       3.113616       3.030722       3.077464       3.107200    
 1872   3.067676       3.060668       3.088444       3.061904       3.129786       3.185830       3.236034       3.201167       3.085736       3.026941       3.056556       3.100516    
 1873   3.126570       3.067278       3.120550       3.081198       3.163451       3.253483       3.235963       3.140064       3.074400       3.059743       3.007022       3.094997    
 1874   3.082756       3.090841       3.096596       3.089900       3.173404       3.241807       3.216191       3.129128       3.058635       3.033875       3.018737       3.094927    
 1875   3.085558       3.078072       3.060297       3.071069       3.164923       3.231160       3.213766       3.123145       3.087877       3.044015       3.065062       3.124232    
 1876   3.109141       3.026683       3.041465       3.069777       3.149209       3.199048       3.205545       3.122198       3.070822       3.048729       3.047965       3.046059    
 1877   3.098010       3.014863       3.075662       3.042216       3.170855       3.192007       3.198656       3.125223       3.089083       3.051559       3.057716       3.105738    
 1878   3.055132       3.071481       3.053571       3.089847       3.152585       3.207218       3.235396       3.153025       3.102377       3.044341       3.061059       3.105187    
 1879   3.023963       3.060886       3.065852       3.070237       3.160625       3.206234       3.213469       3.126056       3.111924       3.046401       3.098746       3.102107    
 1880   3.088244       3.062517       3.035720       3.087137       3.149173       3.170406       3.222188       3.089430       3.093894       3.022716       3.084975       3.083960    
 1881   3.112790       3.056570       3.075604       3.069379       3.143401       3.201381       3.208441       3.152212       3.074003       3.043456       3.074341       3.121372    
 1882   3.125483       3.084177       3.078253       3.127280       3.168242       3.195305       3.215398       3.178806       3.125060       3.091810       3.059113       3.083633    
 1883   3.075433       3.105756       3.069683       3.096248       3.121410       3.189622       3.209769       3.201685       3.093210       3.008985       3.067194       3.085124    
 1884   3.068447       2.993289       2.990086       3.048465       3.136507       3.179001       3.180535       3.091188       3.048817       3.015647       3.051729       3.084458    
 1885   3.067006       3.020650       3.015843       3.045686       3.137394       3.175152       3.171740       3.145640       3.054683       3.027535       3.063634       3.073888    
 1886   3.098395       3.066125       3.027095       3.076366       3.154333       3.205118       3.223570       3.103402       3.063087       3.030916       3.039794       3.098992    
 1887   3.088089       3.033471       3.057618       3.073384       3.123800       3.163047       3.174696       3.133892       3.051783       3.053368       3.054064       3.048662    
 1888   3.129287       3.026558       3.049862       3.049249       3.152326       3.212986       3.212512       3.118844       3.094543       3.024954       3.032279       3.075730    
 1889   3.072796       3.019952       3.045391       3.053777       3.118242       3.167033       3.191615       3.154974       3.055529       3.000707       3.064497       3.073329    
 1890   3.072724       3.038169       3.054438       3.030143       3.097209       3.161026       3.191196       3.122249       3.055138       3.042893       3.043206       3.080735    
 1891   3.042187       3.034319       3.034765       3.035844       3.080473       3.239121       3.179429       3.118343       3.036364       3.015000       3.037463       3.052683    
 1892   3.050782       3.029058       3.055334       3.040916       3.116789       3.211788       3.163802       3.141295       3.068902       3.025997       3.040972       3.079391    
 1893   3.094342       3.077582       3.045208       3.055269       3.131196       3.190148       3.193998       3.179914       3.044214       3.019483       3.018311       3.079561    
 1894   3.081841       3.013979       3.070440       3.079270       3.129960       3.186280       3.185245       3.135112       3.058440       3.042281       3.026262       3.076289    
 1895   3.068600       3.033232       3.064406       3.049056       3.082451       3.215740       3.178229       3.139455       3.087373       3.052318       3.056830       3.108960    
 1896   3.106184       3.079028       3.042724       3.020953       3.160708       3.199116       3.186516       3.126328       3.089882       2.996409       3.063854       3.076633    
 1897   3.107168       3.054363       3.064822       3.051088       3.120788       3.180146       3.192695       3.162050       3.073483       3.033019       3.060957       3.076182    
 1898   3.076076       3.059990       3.025125       3.057885       3.111784       3.149030       3.195429       3.142325       3.072395       3.026451       3.054747       3.096843    
 1899   3.134467       3.143500       3.124959       3.131249       3.112136       3.173778       3.181647       3.143563       3.093046       3.058697       3.012789       3.092568    
 1900   3.116475       3.077699       3.035201       3.102934       3.147264       3.211723       3.190090       3.160050       3.122689       2.999345       3.036891       3.078717    
 1901   3.072774       3.029894       3.091069       3.058705       3.172089       3.176074       3.270828       3.094724       3.118141       3.034970       3.027674       3.101871    
 1902   3.104297       3.023714       3.075250       3.052858       3.155150       3.230519       3.218049       3.139054       3.076977       3.046370       3.029725       3.090602    
 1903   3.062469       3.021421       3.087409       3.026892       3.119740       3.197489       3.195914       3.109831       3.021100       3.028409       3.010852       3.069155    
 1904   3.033392       2.987059       2.998535       3.043863       3.111109       3.178845       3.181482       3.049690       3.076192       3.021000       3.042720       3.096050    
 1905   3.052795       3.079700       3.070710       3.076875       3.129634       3.156230       3.215439       3.115578       3.046546       2.990486       3.017978       3.068867    
 1906   3.101724       3.021259       3.065302       3.028248       3.115772       3.216525       3.209466       3.153262       3.056793       3.001352       3.064926       3.066967    
 1907   3.125618       3.104970       3.048103       3.106739       3.081604       3.209605       3.205360       3.123979       3.030084       3.019533       3.092060       3.052690    
 1908   3.104440       3.059275       3.059267       3.063062       3.133260       3.219990       3.196297       3.158219       3.050652       3.022520       3.074403       3.090212    
 1909   3.131716       3.036275       3.086315       3.095375       3.141217       3.184556       3.183082       3.103708       3.060316       3.038316       3.035990       3.082698    
 1910   3.089414       3.033724       3.067905       3.046494       3.110960       3.217508       3.258581       3.111221       3.050494       3.012507       3.047988       3.065075    
 1911   3.119021       3.100658       3.066640       3.057034       3.145108       3.250590       3.180443       3.178718       3.097029       3.043437       3.069087       3.069659    
 1912   3.116879       3.084420       3.033288       3.042871       3.147495       3.168072       3.234874       3.162162       3.059535       3.026338       3.052109       3.069432    
 1913   3.062821       3.130214       3.007836       3.076865       3.122100       3.182957       3.207594       3.146760       3.068525       2.999034       3.023818       3.084254    
 1914   3.044770       3.005367       3.072988       3.015212       3.112254       3.163100       3.170287       3.195659       3.041934       3.039052       3.051312       3.089777    
 1915   3.062663       3.071158       3.063851       3.043548       3.122976       3.174382       3.207061       3.120153       3.063234       3.041367       3.051342       3.102200    
 1916   3.082819       3.062267       3.057514       3.064160       3.148999       3.204097       3.201512       3.138238       3.108559       3.025462       3.051378       3.075039    
 1917   3.070701       2.998800       3.069487       3.085751       3.090920       3.176921       3.207786       3.159980       3.085466       3.045374       3.061940       3.102160    
 1918   3.065868       3.091781       3.067279       3.078647       3.117391       3.214422       3.211488       3.158999       3.069429       2.998940       3.071277       3.083250    
 1919   3.109117       3.010982       3.076029       3.074406       3.110162       3.194446       3.219059       3.156965       3.097604       3.034650       3.087339       3.082057    
 1920   3.117119       3.128471       3.079028       3.084503       3.114479       3.267333       3.240564       3.169086       3.082133       3.036154       3.080348       3.087709    
 1921   3.085516       3.052237       3.041235       3.094970       3.118192       3.218556       3.213505       3.159412       3.088489       3.031386       3.053317       3.084376    
 1922   3.132396       3.041285       3.100398       3.078841       3.141610       3.196845       3.222158       3.137539       3.112452       3.022998       3.088832       3.074876    
 1923   3.133164       3.098181       3.035021       3.097572       3.175371       3.252331       3.227224       3.159359       3.079298       3.055790       3.064135       3.147439    
 1924   3.086106       3.089455       3.035360       3.070730       3.103758       3.182399       3.210820       3.159136       3.081978       3.050470       3.120165       3.028148    
 1925   3.084321       3.065414       3.047864       3.082272       3.163678       3.203734       3.246030       3.174222       3.037221       3.022346       3.087733       3.129710    
 1926   3.051394       3.098545       3.047281       3.098708       3.095592       3.181520       3.221550       3.152085       3.062151       3.048933       3.040379       3.099246    
 1927   3.091029       3.056820       3.075245       3.070120       3.171568       3.210140       3.184083       3.173340       3.076001       3.045975       3.067402       3.113285    
 1928   3.097942       3.074825       3.058656       3.078032       3.120513       3.219843       3.198167       3.137714       3.031357       3.067024       3.058261       3.102004    
 1929   3.118072       3.055377       3.046304       3.095167       3.121448       3.213598       3.232218       3.130450       3.082141       3.005410       3.040668       3.089187    
 1930   3.084130       3.092498       3.021919       3.119186       3.120828       3.209420       3.196524       3.132480       3.062365       3.041099       3.092602       3.033066    
 1931   3.039541       3.073393       3.023286       3.057009       3.114010       3.216976       3.223355       3.135062       3.082739       3.007462       3.136369       3.103126    
 1932   3.078611       3.045661       3.102431       3.080165       3.129844       3.220563       3.213879       3.110963       3.051512       2.998378       3.063803       3.096213    
 1933   3.124858       3.077107       3.035528       3.071172       3.099987       3.191256       3.195259       3.142759       3.103672       3.017126       3.077620       3.108454    
 1934   3.103828       3.056995       3.071788       3.056144       3.131979       3.217195       3.207789       3.114248       3.048874       3.021798       3.051742       3.042537    
 1935   3.130498       3.054778       3.051402       3.046891       3.147309       3.192039       3.215871       3.123569       3.035553       3.032033       3.041074       3.085874    
 1936   3.077010       3.124603       3.119290       3.107145       3.122636       3.204995       3.209103       3.163577       3.154577       3.039241       3.052852       3.083953    
 1937   3.077926       3.061718       3.089360       3.065211       3.137487       3.200911       3.223017       3.133180       3.115231       3.052947       3.053485       3.133236    
 1938   3.116261       3.067849       3.043579       3.093642       3.163494       3.204643       3.204326       3.180057       3.035946       3.044646       3.064628       3.101751    
 1939   3.098470       3.056483       3.050838       3.049817       3.097601       3.222584       3.217074       3.173359       3.053199       3.023225       3.088111       3.108403    
 1940   3.099830       3.062579       3.051476       3.083414       3.141826       3.218737       3.222173       3.134315       3.064601       3.043858       3.077008       3.094182    
 1941   3.105969       3.013577       3.078828       3.062598       3.148184       3.217286       3.237299       3.131639       3.079327       3.002615       3.067964       3.089431    
 1942   3.097459       3.062907       3.072525       3.097137       3.164083       3.175545       3.245210       3.121315       3.102208       3.073532       3.057383       3.125669    
 1943   3.105898       3.036591       3.088233       3.082834       3.136755       3.240085       3.243798       3.142346       3.111173       2.984289       3.085731       3.067399    
 1944   3.132000       3.065338       3.067881       3.056168       3.137284       3.197936       3.202330       3.120641       3.104578       2.993530       3.070290       3.062959    
 1945   3.071877       3.078885       3.105042       3.048962       3.143062       3.242936       3.215958       3.149352       3.029851       3.067823       3.071122       3.125548    
 1946   3.097688       3.025758       3.048697       3.093061       3.162677       3.220810       3.209765       3.156712       3.074191       3.035549       3.027997       3.063517    
 1947   3.062260       3.065680       3.085036       3.037810       3.147752       3.181073       3.272468       3.125910       3.110343       3.030021       3.074165       3.083889    
 1948   3.076471       3.074689       3.092878       3.117079       3.103691       3.194252       3.255344       3.153155       3.035506       3.046771       3.073436       3.076774    
 1949   3.079533       3.109996       3.094247       3.105710       3.144727       3.193758       3.259454       3.142789       3.067040       3.039391       3.091850       3.092678    
 1950   3.104793       3.086359       3.075633       3.100586       3.161037       3.233414       3.203307       3.181810       3.071790       3.047079       3.057628       3.096917    
 1951   3.100496       3.062768       3.062080       3.063765       3.153412       3.204543       3.231671       3.127151       3.095818       2.974866       3.073628       3.099010    
 1952   3.104101       3.118948       3.021103       3.077553       3.134829       3.214511       3.202666       3.119117       3.038612       3.046756       3.046139       3.119925    
 1953   3.091009       3.074234       3.040812       3.054739       3.113309       3.184445       3.196244       3.108854       3.072807       3.067576       3.054157       3.073079    
 1954   3.045200       3.115278       3.010962       3.091593       3.140452       3.190242       3.245191       3.141045       3.069537       3.038263       3.043720       3.080815    
 1955   3.074817       3.022457       3.093346       3.088134       3.137156       3.188433       3.223743       3.124300       3.040400       3.052369       3.054465       3.066990    
 1956   3.053027       3.066085       3.074067       3.061322       3.104217       3.200976       3.182310       3.169568       3.106435       3.060381       3.050985       3.088198    
 1957   3.084662       3.091926       3.030432       3.089384       3.106376       3.218917       3.261608       3.137035       3.082053       3.029042       3.075167       3.094254    
 1958   3.075212       3.099904       3.056226       3.082226       3.126233       3.209604       3.222187       3.136894       3.064599       3.041784       3.031194       3.107192    
 1959   3.095002       3.073125       3.087281       3.055782       3.137684       3.184337       3.246754       3.079703       3.084996       3.038764       3.043191       3.141422    
 1960   3.082590       3.106785       3.132431       3.065977       3.119155       3.196853       3.212499       3.104546       3.030694       3.042301       3.066784       3.092115    
 1961   3.114156       3.128969       3.072073       3.061556       3.132189       3.161937       3.261066       3.112317       3.063404       3.050861       3.085498       3.066662    
 1962   3.059904       3.073758       3.104562       3.047621       3.106300       3.225416       3.151103       3.158075       3.097084       3.009773       3.024817       3.099948    
 1963   3.102226       3.067386       3.041114       3.081022       3.103847       3.175386       3.220140       3.140241       3.033274       3.020650       3.059326       3.086550    
 1964   3.034979       3.055043       3.037212       3.051704       3.115338       3.179122       3.179282       3.100388       3.039380       3.009163       3.008682       3.036848    
 1965   3.020310       2.955899       3.004217       3.061614       3.133117       3.142598       3.164680       3.090786       3.017934       2.994587       3.052687       3.087385    
 1966   3.048135       3.070226       3.048933       3.059371       3.101946       3.184940       3.140231       3.168463       3.019042       3.009342       3.027336       3.056372    
 1967   3.059809       3.054008       3.048299       3.063026       3.125349       3.187011       3.213643       3.120248       3.031476       3.005117       3.066857       3.089603    
 1968   3.030038       3.083181       3.048794       3.081248       3.079799       3.137825       3.203666       3.098984       3.050519       2.984390       3.055021       3.068038    
 1969   3.049680       3.059316       3.055372       3.070516       3.088454       3.208604       3.190371       3.127969       3.031088       3.044728       3.004997       3.037992    
 1970   3.049586       3.020011       3.091298       3.068819       3.076132       3.152936       3.212553       3.043165       3.072692       3.020331       3.035235       3.086159    
 1971   3.105991       3.079637       3.049006       3.031589       3.142942       3.161064       3.196641       3.129886       3.025286       3.041916       3.055016       3.083352    
 1972   3.036467       3.056671       3.020846       3.093226       3.096114       3.187766       3.221109       3.134140       2.978007       3.063386       3.018260       3.082609    
 1973   3.073997       3.069145       3.131644       3.022455       3.137573       3.201060       3.199130       3.123797       3.058192       3.018439       3.050471       3.071059    
 1974   3.099190       3.102723       3.026043       3.096931       3.110807       3.196022       3.201777       3.090987       3.071769       3.021206       3.028141       3.075824    
 1975   3.028541       3.068652       3.063384       3.061882       3.123384       3.164253       3.198605       3.135887       3.052990       2.977511       3.038189       3.046622    
 1976   3.071754       3.022118       3.011735       3.035319       3.122254       3.194962       3.187715       3.068301       3.040342       3.018372       3.037926       3.098784    
 1977   3.098070       3.017287       3.009347       3.035762       3.126314       3.136312       3.187618       3.100562       2.980889       3.047652       3.017645       3.039189    
 1978   3.090847       3.006859       3.032592       3.034089       3.131514       3.147633       3.190524       3.097937       3.032254       3.009817       3.058920       3.058877    
 1979   3.062463       3.063247       3.038404       3.055746       3.131484       3.184774       3.206043       3.104618       3.038447       3.017695       3.022495       3.060663    
 1980   3.064683       3.064032       3.037260       3.025385       3.106364       3.183671       3.153316       3.111347       3.069242       3.056352       3.043049       3.087529    
 1981   3.074016       3.016198       3.070709       3.074614       3.084040       3.209989       3.211330       3.078952       3.053792       3.000060       3.044435       3.091747    
 1982   3.111781       3.043755       3.046963       3.039861       3.092227       3.140521       3.135831       3.083520       3.040415       3.002975       3.025087       3.078484    
 1983   3.007483       3.058608       3.008980       3.050701       3.044214       3.157177       3.169263       3.100735       3.047217       3.012024       3.063395       3.046639    
 1984   3.069618       2.987045       3.096592       3.031585       3.113093       3.180955       3.203493       3.089337       3.053323       2.992463       3.065770       3.049303    
 1985   3.027638       3.097566       3.097007       3.051774       3.105494       3.189460       3.208938       3.101174       3.039888       3.039933       3.055125       3.100022    
 1986   3.080407       3.071736       3.025026       3.059733       3.107534       3.150600       3.214734       3.148939       3.040719       3.021925       3.048956       3.096087    
 1987   3.078643       3.026968       3.075434       3.095012       3.160076       3.205777       3.161191       3.130679       3.047974       3.016937       3.054253       3.084431    
 1988   3.044536       3.112431       3.087855       3.100142       3.110372       3.204885       3.178419       3.156919       3.083226       3.013144       3.050557       3.092692    
 1989   3.051174       3.035306       3.095438       3.059530       3.143404       3.174326       3.207504       3.121649       3.056992       3.049965       3.063693       3.061270    
 1990   3.096455       3.089664       3.080436       3.113845       3.095736       3.206034       3.226485       3.129424       3.055346       3.051265       3.050650       3.105817    
 1991   3.032913       3.044316       3.087498       3.069233       3.110646       3.142951       3.181814       3.079631       3.023140       3.036038       3.060409       3.057232    
 1992   3.067151       3.046192       3.011059       3.024903       3.088872       3.174760       3.150398       3.107001       3.023966       2.977642       3.020044       3.091172    
 1993   3.043215       3.070179       3.022345       3.049684       3.121740       3.185296       3.184981       3.133181       3.050016       2.990674       3.037612       3.052283    
 1994   3.121228       3.043429       3.031326       3.102305       3.110432       3.204463       3.160357       3.129122       3.066453       3.000589       3.025985       3.071246    
 1995   3.060670       3.018429       3.049745       3.067221       3.106018       3.157712       3.149585       3.080903       3.057358       3.004437       3.039919       3.043572    
 1996   3.053495       2.975472       3.077435       3.080658       3.132120       3.161717       3.200668       3.089735       3.028286       3.065787       3.026223       3.056634    
 1997   3.070624       3.040814       3.043573       3.049324       3.141130       3.192889       3.202478       3.085741       3.056560       3.026942       3.073086       3.088420    
 1998   3.096712       3.079331       3.081413       3.070434       3.093346       3.160338       3.212953       3.129101       3.069175       3.009782       3.079287       3.089854    
 1999   3.130676       3.029384       3.072374       3.067431       3.134109       3.182573       3.192185       3.086806       3.047103       3.061976       3.031563       3.131331    
 2000   3.088032       3.097239       3.056437       3.072476       3.138473       3.158980       3.187802       3.133864       3.046207       3.074331       3.054595       3.152493    
 2001   3.054301       3.104206       3.069056       3.073701       3.140920       3.176770       3.175021       3.133522       3.082642       3.008576       3.065899       3.139448    
 2002   3.147436       3.075722       3.049891       3.083191       3.135584       3.205299       3.212926       3.141051       3.084523       3.072250       3.087588       3.081373    
 2003   3.063993       3.048462       3.065852       3.055477       3.150887       3.196702       3.209159       3.130100       3.058084       3.047750       3.058885       3.096621    
 2004   3.093912       3.118129       3.085597       3.104208       3.129812       3.199729       3.240000       3.181371       3.087788       3.071398       3.029943       3.133810    
 2005   3.107303       3.131845       3.099218       3.094532       3.157731       3.211177       3.218735       3.141552       3.095118       3.044021       3.062658       3.089052    
