# using minimal fraction of valid points 30.00
# tas [Celsius] from HadGEM2-AO model output prepared for CMIP5 historical r1i1p1
# cutting out region lon=   -0.938  359.063, lat=  -90.000   90.000
 1860   11.93936       12.22964       12.93243       13.82224       14.89661       15.83728       16.03571       15.79730       14.88861       13.97208       12.91333       11.90924    
 1861   11.95703       12.11102       12.80240       13.86160       14.83224       15.84393       16.03827       15.76004       14.93823       14.02350       12.97955       11.91278    
 1862   11.78934       12.02768       12.88931       13.91412       14.97937       15.94177       16.06482       15.87305       15.22473       14.14001       12.99207       11.97205    
 1863   11.86813       12.18860       13.01239       13.92383       15.07913       15.93552       16.27423       15.94397       15.22934       14.26828       12.98221       12.14322    
 1864   12.04489       12.04993       12.88663       13.80270       14.93735       15.83209       16.08661       15.84644       15.25214       14.10950       13.05286       12.01910    
 1865   11.77142       12.00754       12.90973       14.26190       15.22208       15.90610       16.20538       15.96509       15.18939       14.16156       13.26190       12.16409    
 1866   11.92218       12.17914       12.91321       14.06595       15.23727       15.96890       16.06900       15.82468       15.23260       14.14810       13.05862       12.08322    
 1867   11.87939       12.22269       12.92621       14.09152       14.99695       15.91901       16.17477       15.86154       15.07288       14.05484       12.91415       12.18466    
 1868   11.83112       12.02859       12.87384       14.13928       15.16638       15.87646       16.16476       15.88300       15.12289       14.06265       12.83765       11.98026    
 1869   11.78433       12.12967       12.81705       13.96368       15.08844       16.03217       16.16113       15.87610       15.06039       14.00146       13.04846       12.07275    
 1870   11.80939       12.07681       12.71091       13.87558       15.02347       15.87354       15.95068       15.78458       15.12109       14.20331       13.09125       12.20200    
 1871   11.79984       12.27493       12.94678       14.06503       15.03882       15.80380       16.08002       15.99484       15.11603       14.17398       13.05023       12.10178    
 1872   11.75168       12.19232       12.87198       14.08661       15.19864       15.83835       16.18152       15.97876       15.29083       14.24066       12.97083       12.12411    
 1873   12.03583       12.27338       13.03351       13.95349       15.17618       15.86975       16.04178       15.82300       15.20129       14.26181       13.06369       12.03864    
 1874   11.74588       12.25848       13.02924       14.03796       15.18280       15.86481       16.10764       15.80652       15.02866       13.88785       12.79370       12.01569    
 1875   11.71255       12.10507       12.74884       13.87985       15.13007       15.89462       16.02917       15.82996       15.09689       14.05710       12.76810       11.91873    
 1876   11.62790       11.80566       12.43234       13.71243       14.81699       15.81570       15.93991       15.72208       14.71518       13.83322       12.56363       11.80341    
 1877   11.58975       12.02838       12.77518       13.88586       15.01849       15.82703       16.01019       15.77069       15.04346       14.11691       12.91837       12.15210    
 1878   11.86041       12.01770       12.81204       13.87103       14.94675       15.84625       15.99744       15.88376       15.16034       14.00055       12.78729       11.91956    
 1879   11.65253       11.93860       12.74435       13.89368       15.10818       15.80652       16.07764       15.77728       15.26532       14.04050       13.00345       12.15540    
 1880   11.91660       12.10095       12.77744       13.90433       14.99344       15.91034       16.04562       15.78293       15.05960       14.25357       13.02896       12.15274    
 1881   11.95795       12.29269       13.05298       14.03699       15.06631       15.82602       16.15469       16.04620       15.30316       14.29221       13.36755       12.48602    
 1882   12.10617       12.38647       13.07306       14.04575       15.15439       16.11850       16.18832       15.86429       15.24164       14.25388       13.24615       12.23413    
 1883   11.88724       12.19220       12.90942       14.00955       15.20819       15.87900       16.12036       16.02512       15.35355       14.12222       13.01755       12.15186    
 1884   11.58551       11.79114       12.80493       13.86856       14.92728       15.58347       15.70218       15.55844       14.93539       13.86792       12.79550       11.94702    
 1885   11.59387       12.03445       12.64633       13.65213       14.69620       15.70959       15.85577       15.67325       14.94662       13.99084       12.87195       12.10785    
 1886   11.86566       12.18320       12.70676       13.78793       14.94907       15.64734       15.95651       15.66483       15.04672       14.10956       12.90604       12.18936    
 1887   11.72372       12.12366       12.73090       13.99722       14.96252       15.67053       15.88498       15.83304       15.04175       13.97806       13.05182       12.22787    
 1888   11.80936       12.15686       12.69907       13.72427       14.93268       15.86105       15.90421       15.74884       14.84021       13.86060       12.76270       11.80768    
 1889   11.58569       11.70612       12.36029       13.56000       14.79462       15.68610       15.91074       15.71805       14.83942       13.98825       12.84763       11.86737    
 1890   11.64624       11.86169       12.62961       13.76413       14.56790       15.61813       15.75528       15.51312       14.66656       13.58383       12.55582       11.42563    
 1891   11.19238       11.38834       12.25845       13.29861       14.46555       15.42023       15.62778       15.49103       14.84171       13.74130       12.67462       11.63641    
 1892   11.20087       11.67404       12.54211       13.61307       14.74014       15.64572       15.86301       15.55499       14.90817       13.80148       12.69547       11.71481    
 1893   11.37930       11.67007       12.50519       13.64536       14.78619       15.69086       15.83075       15.75214       14.82077       13.85809       12.59610       11.71021    
 1894   11.45770       11.68826       12.59216       13.88245       14.99805       15.74826       15.91946       15.74026       15.00095       13.95016       12.82422       11.90518    
 1895   11.67026       12.01651       12.71494       13.82587       14.80527       15.73245       15.91446       15.90872       15.07321       14.00949       12.85052       11.95752    
 1896   11.70444       11.85269       12.59186       13.71756       14.89969       15.72598       15.90884       15.66360       15.00592       14.07144       13.01151       12.08661    
 1897   11.92255       12.13486       12.88074       13.85419       14.95795       15.91479       16.05148       15.87195       15.17737       14.04898       13.08273       12.17624    
 1898   11.95871       12.08594       12.88681       14.02911       14.94330       15.89777       16.08112       15.96057       15.15057       14.14413       13.06369       12.24057    
 1899   12.01526       12.36600       13.04788       13.93921       15.11734       15.96497       16.17084       15.85379       15.14401       14.06525       12.92630       12.11505    
 1900   11.65485       12.16476       12.76511       13.89902       15.11676       15.88916       16.11429       15.81229       15.17691       14.06345       12.89713       11.96909    
 1901   11.76047       11.93335       12.41876       13.83658       14.87912       15.93930       16.14075       15.84647       15.03214       13.96542       12.81580       11.99927    
 1902   11.85623       12.08011       12.61526       13.69104       14.99069       15.77557       15.93106       15.76144       14.93765       13.98871       12.74548       11.82401    
 1903   11.51465       11.66559       12.51682       13.63077       14.77615       15.60828       15.77420       15.31293       14.65903       13.54681       12.40997       11.68378    
 1904   11.24878       11.59967       12.24277       13.35272       14.58499       15.53345       15.73990       15.44614       14.70831       13.63998       12.76755       11.96762    
 1905   11.57791       12.01776       12.69812       13.70166       14.79559       15.76163       15.91891       15.76443       14.89578       14.03931       12.73578       11.85858    
 1906   11.76062       11.99051       12.71957       13.72876       14.92255       15.79950       15.94501       15.70071       14.94388       14.00940       12.91083       11.98816    
 1907   11.82288       12.08859       12.71680       13.78183       14.93301       15.84064       16.01642       15.83023       14.95847       13.99268       12.96573       12.12875    
 1908   11.84769       12.11938       12.73666       13.86450       14.91608       15.87347       16.12225       15.90674       15.19409       14.05252       13.00632       12.20868    
 1909   11.91278       12.19180       12.95831       13.96503       15.19193       15.84808       15.94455       15.76288       14.95847       13.85703       12.82260       11.97311    
 1910   11.81430       12.05786       12.97311       13.70526       14.82654       15.70972       15.98325       15.72659       14.84030       14.00604       12.78394       11.89349    
 1911   11.77448       12.24475       12.87323       13.75760       14.90387       15.83597       16.03802       15.66736       14.95236       14.12436       12.94757       12.11157    
 1912   11.58081       12.02780       12.89075       13.78815       14.90366       15.73337       15.94058       15.67645       15.05804       14.08411       12.85580       11.94202    
 1913   11.78510       11.91235       12.72192       13.84543       14.87964       15.60327       15.81558       15.55765       14.87357       13.71848       12.59161       11.63983    
 1914   11.57593       11.76373       12.69598       13.74500       14.87149       15.64401       15.85095       15.72916       14.91769       13.98767       12.78717       12.03909    
 1915   11.79962       12.00214       12.70483       13.84229       15.04611       15.84140       15.98117       15.84348       14.97360       13.99524       12.96014       12.09125    
 1916   11.73926       11.94968       12.73230       13.80270       14.92319       15.76733       15.88388       15.75543       14.94534       13.92453       12.80212       11.94714    
 1917   11.64041       12.10596       12.89145       13.98923       15.01126       15.81619       16.06598       15.79135       15.11655       14.12589       13.08231       12.19153    
 1918   11.81848       12.11240       12.88605       14.06085       15.12091       15.89166       16.12109       16.02499       15.29257       14.10526       13.06140       12.22104    
 1919   11.90543       11.98840       12.85092       13.93057       15.20718       15.98895       16.21729       16.09113       15.38452       14.49530       13.32370       12.43253    
 1920   12.21143       12.36526       13.21021       14.34827       15.29962       16.07516       16.26886       16.07721       15.35858       14.37198       13.07886       12.28183    
 1921   12.00467       12.08380       12.91919       14.05344       15.10135       15.95383       16.25101       15.89447       15.32382       14.16116       13.02267       12.21948    
 1922   12.03659       12.17270       12.92270       14.15280       15.25510       16.08972       16.21378       15.93314       15.37915       14.45743       13.11758       12.27908    
 1923   12.08084       12.24683       12.85248       14.08554       15.42227       16.14096       16.24240       16.16693       15.45746       14.29135       13.02774       12.11331    
 1924   11.85849       12.20746       12.94199       14.09543       15.11340       15.88089       16.19263       15.88306       15.12631       14.16019       12.96762       12.22198    
 1925   11.92331       12.23077       12.82071       13.84091       15.11078       16.02090       16.22885       15.95142       15.23666       14.05597       13.03314       12.07144    
 1926   11.62115       12.00220       12.81570       13.85669       15.06116       15.92081       16.29504       15.84918       15.18304       14.14801       12.89063       11.96408    
 1927   12.03851       12.45587       13.18134       14.10162       15.15582       15.96298       16.37347       16.04593       15.32947       14.28708       13.07593       12.36215    
 1928   12.04004       12.13800       12.83231       14.05414       15.12643       16.04541       16.15555       16.02158       15.30579       14.23340       13.23328       12.26376    
 1929   11.99612       12.15408       12.89539       14.22586       15.23566       15.94485       16.14795       15.87839       15.19537       14.24243       13.09100       12.32635    
 1930   11.98740       12.16931       12.88416       13.90842       15.05148       15.89221       16.17447       15.98532       15.18469       14.08670       13.01703       12.20157    
 1931   11.75421       12.06943       12.79666       13.94257       15.01990       15.91733       16.11768       15.89691       15.12546       13.96036       12.93396       12.19089    
 1932   12.18851       12.49884       12.89847       14.06250       15.37155       16.06070       16.23138       15.97787       15.19031       14.16925       13.11801       12.16086    
 1933   11.97046       12.38562       13.01328       14.00009       15.05106       16.00858       16.05316       15.93781       15.30539       14.10416       12.82474       12.05362    
 1934   11.89798       12.35751       13.01849       14.11877       15.04578       15.97263       16.05176       15.82019       15.06943       14.11948       12.99521       12.08368    
 1935   11.84280       12.22058       12.72729       14.03235       15.06271       15.87265       16.08768       15.95889       15.10898       14.17267       12.99802       12.12494    
 1936   12.01822       12.47147       13.09155       14.05557       15.24982       15.92783       16.26663       16.18845       15.32083       14.22635       13.00720       12.17773    
 1937   11.96185       12.34802       13.09747       14.09586       15.36829       16.18546       16.35483       16.01797       15.32486       14.51019       13.34106       12.39651    
 1938   12.32422       12.44577       13.21304       14.18335       15.18613       15.98807       16.20145       16.04260       15.24295       14.28430       13.13443       12.28412    
 1939   12.15878       12.27893       13.09683       14.14508       15.26801       16.09628       16.27975       15.99887       15.42728       14.35422       13.27850       12.39401    
 1940   12.09686       12.31573       12.98767       14.05521       15.16946       16.15805       16.35782       15.99728       15.36847       14.39597       13.11975       12.17291    
 1941   11.94598       12.41763       13.17981       14.27054       15.24115       16.10443       16.32022       16.10812       15.48267       14.38943       13.42123       12.52075    
 1942   12.13791       12.49094       13.10831       14.42914       15.40063       16.02948       16.30002       16.05206       15.49542       14.37698       13.28574       12.35699    
 1943   12.06241       12.27200       13.15491       14.20590       15.16968       15.90448       16.13358       15.86688       15.21527       14.13358       13.15109       12.28339    
 1944   12.07416       12.34720       13.03754       13.97000       15.03809       15.84894       16.16171       15.83829       15.17917       14.11444       13.03528       12.29645    
 1945   12.10547       12.25156       13.01257       14.07190       15.20520       16.00677       16.20679       15.99326       15.35800       14.23141       13.31412       12.39398    
 1946   12.14111       12.21112       13.15363       14.31512       15.35513       16.08026       16.28491       16.02313       15.32156       14.37671       13.18539       12.23459    
 1947   12.01758       12.56577       13.28186       14.17139       15.24948       16.14572       16.27661       16.12744       15.39047       14.44037       13.39813       12.43021    
 1948   12.08691       12.47620       13.15231       14.27548       15.28500       16.05222       16.24438       16.02634       15.27756       14.41632       13.35852       12.46274    
 1949   12.12881       12.44785       13.24548       14.33066       15.47513       16.17767       16.42896       16.08350       15.39813       14.50848       13.42334       12.54846    
 1950   12.42291       12.51080       13.18341       14.21979       15.44312       16.21524       16.37247       16.15921       15.43408       14.40695       13.23938       12.38327    
 1951   12.16876       12.48929       13.09872       14.29828       15.27957       16.00531       16.23926       16.07584       15.30765       14.34131       13.28134       12.45840    
 1952   12.28522       12.56903       12.95126       13.98953       15.11514       16.10864       16.20999       16.07642       15.33636       14.32593       13.18939       12.53091    
 1953   12.11295       12.38187       13.14059       14.17502       15.19949       15.99088       16.25702       15.99377       15.38330       14.37759       13.06244       12.28088    
 1954   11.77347       12.29037       12.87155       14.02161       15.16602       15.96423       16.19296       15.96979       15.12482       14.19714       13.01804       12.05759    
 1955   11.81839       12.20401       13.09680       14.06458       15.16571       16.07986       16.20303       16.01303       15.16855       14.15924       13.03320       12.23306    
 1956   12.05771       12.25409       12.93420       14.08939       15.12720       15.99429       16.15042       16.12518       15.35315       14.30402       13.13657       12.27777    
 1957   12.10587       12.32993       13.04721       14.18674       15.22571       16.15656       16.32462       16.22675       15.45712       14.39078       13.07776       12.31516    
 1958   12.29803       12.42496       13.11386       14.14694       15.30377       16.03644       16.22214       16.01556       15.33124       14.30484       13.25934       12.28885    
 1959   12.02252       12.22311       13.02728       14.19281       15.38058       16.14120       16.40549       16.14786       15.33194       14.32370       13.24588       12.54962    
 1960   12.28229       12.31360       13.10651       14.27170       15.20734       15.95206       16.26358       15.98837       15.24188       14.28998       13.06577       12.36884    
 1961   12.08716       12.28790       13.01294       14.10507       15.16074       15.88599       16.14957       16.00159       15.26382       14.24026       13.17404       12.23206    
 1962   12.07471       12.43829       13.12463       14.19049       15.25095       16.10876       16.24896       15.90640       15.17563       14.27994       13.04077       12.21927    
 1963   12.02835       12.29987       13.13470       14.13965       15.17764       15.92853       16.10086       15.99387       15.14035       14.20184       12.84323       12.08035    
 1964   11.63312       12.07980       12.87271       14.00137       14.99707       15.63870       15.72644       15.56223       14.90305       13.79285       12.70862       11.72903    
 1965   11.66666       11.60263       12.38907       13.79065       14.77835       15.74268       15.83011       15.60223       14.92407       13.91473       12.77087       12.10068    
 1966   11.98975       12.12448       12.75494       13.80029       14.82913       15.84384       16.06723       15.76846       14.97891       13.87271       12.79269       11.94836    
 1967   11.72580       12.21213       12.94812       13.93271       15.08884       15.85703       16.04028       15.90613       15.05078       14.02185       12.90851       11.94458    
 1968   11.62268       11.93530       12.81476       13.78204       14.89401       15.82947       16.15652       15.88434       15.16055       14.17804       12.85840       12.03226    
 1969   11.54422       11.99808       12.72192       13.87970       15.03857       15.80560       16.04831       15.64221       15.11377       14.18018       13.05215       12.20612    
 1970   11.78040       12.38531       12.94040       14.06000       14.99316       15.94293       15.94241       15.69806       15.03391       14.14853       13.05383       11.93283    
 1971   11.88315       12.00928       12.79666       13.89551       15.06967       15.93140       15.91757       15.71487       14.97101       13.81567       12.91000       12.06778    
 1972   11.71146       11.99310       12.75262       13.79269       14.95438       15.93573       16.04285       15.74673       15.08170       14.15143       13.20029       12.15948    
 1973   11.92206       12.22723       13.05240       13.99701       15.02213       15.94247       16.02097       15.80029       15.15445       14.12360       13.00113       12.38922    
 1974   12.10345       12.37296       12.95535       14.08871       15.11313       15.99481       16.11105       15.85129       15.11423       14.13623       12.92050       12.13928    
 1975   11.87073       12.18427       12.88464       13.97571       15.01355       15.80899       15.87561       15.81485       14.92444       13.79510       12.68362       11.96140    
 1976   11.58963       12.04230       12.56628       13.78482       14.95987       15.82013       15.89200       15.84659       15.13571       14.20160       12.92902       12.24146    
 1977   11.91968       12.19040       12.66437       13.86386       15.01718       15.80328       16.00418       15.78882       14.99524       14.01526       12.87122       11.90952    
 1978   11.79187       12.10770       12.93674       13.85443       15.04480       15.74789       16.06262       15.78043       14.99268       14.02209       12.98676       12.23047    
 1979   11.96732       12.04901       13.05124       14.08939       15.26871       15.93631       16.28864       15.99161       15.23190       14.21622       13.10104       12.24792    
 1980   11.85696       12.20276       13.02081       14.11209       15.33258       16.01978       16.31287       16.00082       15.39725       14.29956       13.35086       12.53021    
 1981   12.27618       12.59634       13.22549       14.18134       15.16425       16.17578       16.45691       16.17224       15.42865       14.16330       13.09875       12.22000    
 1982   11.77881       12.36038       13.02399       14.10410       15.13776       16.03503       16.27231       15.94708       15.19144       14.05527       12.92783       12.39331    
 1983   12.11743       12.27502       12.92331       14.14709       15.09415       15.81381       16.17075       15.81458       15.01871       14.01318       13.01587       12.12930    
 1984   12.03711       12.02936       12.88403       13.99167       15.15509       15.94522       16.13864       15.97235       15.34760       14.32144       13.14261       12.27274    
 1985   12.35028       12.57571       13.34363       14.31650       15.38190       16.19351       16.36835       16.18637       15.52319       14.73550       13.43283       12.50250    
 1986   12.15564       12.44455       13.22067       14.20105       15.45294       16.20505       16.34964       16.13193       15.46875       14.39087       13.39688       12.45486    
 1987   12.15433       12.42746       13.17618       14.37494       15.45596       16.28763       16.28201       16.06204       15.37003       14.45544       13.20877       12.44824    
 1988   12.27426       12.57565       13.31931       14.45731       15.53271       16.20090       16.53256       16.36142       15.69144       14.40329       13.33676       12.46756    
 1989   12.30219       12.29340       13.22504       14.30466       15.42468       16.25787       16.43622       16.29764       15.71988       14.64130       13.62485       12.63519    
 1990   12.28046       12.75967       13.66550       14.54456       15.61172       16.34558       16.48126       16.14459       15.42419       14.44205       13.20981       12.40085    
 1991   12.17349       12.40533       13.21918       14.33374       15.33792       16.09930       16.37994       16.19949       15.47141       14.39795       13.16708       12.27362    
 1992   12.00650       12.35559       12.96780       14.03766       15.30573       16.00513       16.19034       15.95969       15.28806       14.23325       13.11951       12.28387    
 1993   12.02826       12.22610       13.13815       14.31168       15.34125       16.19214       16.23355       16.07379       15.38126       14.31931       13.26086       12.45868    
 1994   12.13422       12.45413       13.08469       14.35242       15.41019       16.14813       16.16318       15.91626       15.29102       14.24881       13.04813       12.31018    
 1995   11.87888       12.39771       12.91693       14.23752       15.26865       16.09906       16.28427       15.99841       15.32379       14.30695       13.21985       12.46887    
 1996   12.23593       12.56122       13.12158       14.17181       15.43970       16.23730       16.41275       16.19211       15.49411       14.49194       13.39999       12.63388    
 1997   12.47205       12.57880       13.37344       14.58841       15.65878       16.32248       16.58508       16.30026       15.68747       14.85550       13.65747       12.67923    
 1998   12.52731       12.70383       13.33691       14.45160       15.50830       16.38684       16.60309       16.29547       15.78870       14.68155       13.56580       12.72964    
 1999   12.45758       12.64096       13.42462       14.40915       15.67667       16.59106       16.60403       16.34915       15.60217       14.93433       13.74472       12.90573    
 2000   12.48013       12.92975       13.62372       14.47339       15.66919       16.39801       16.65097       16.43994       15.72403       14.78036       13.67236       12.67288    
 2001   12.56097       12.78021       13.75705       14.65149       15.74121       16.52072       16.79407       16.60980       15.86050       14.89551       13.73792       12.91211    
 2002   12.86218       13.09937       13.80310       14.67291       15.75302       16.50525       16.90530       16.70581       15.79254       14.98743       13.80658       13.10645    
 2003   12.45291       13.04340       13.76505       14.70990       15.85321       16.75107       16.96542       16.63669       16.11185       15.08798       13.99072       13.19873    
 2004   12.90137       13.04370       13.89590       14.98563       15.90903       16.83630       17.13831       16.73758       16.03595       14.99307       13.83661       13.12079    
 2005   12.84402       13.11862       13.95062       15.02591       16.07693       16.84888       17.03098       16.94043       16.20728       15.21896       14.33875       13.34521    
