        NH RECON    NH RAW    -1 sigma   -2sigma   +1 sigma    +2 sigma
  1400 -0.3049830  0.0000000 -0.1566426 -0.4533233 -0.0083023 -0.6016637
  1401 -0.2392869  0.0000000 -0.0909466 -0.3876273  0.0573938 -0.5359676
  1402 -0.1324519  0.0000000  0.0158884 -0.2807923  0.1642288 -0.4291326
  1403 -0.0922028  0.0000000  0.0561376 -0.2405431  0.2044779 -0.3888834
  1404 -0.2165712  0.0000000 -0.0682309 -0.3649116  0.0801095 -0.5132519
  1405 -0.1519434  0.0000000 -0.0036031 -0.3002838  0.1447373 -0.4486241
  1406 -0.0497026  0.0000000  0.0986377 -0.1980430  0.2469781 -0.3463833
  1407 -0.1130732  0.0000000  0.0352671 -0.2614136  0.1836075 -0.4097539
  1408 -0.1024779  0.0000000  0.0458624 -0.2508182  0.1942028 -0.3991586
  1409 -0.0862435  0.0000000  0.0620968 -0.2345839  0.2104371 -0.3829242
  1410 -0.1094227  0.0000000  0.0389177 -0.2577630  0.1872580 -0.4061034
  1411 -0.0758224  0.0000000  0.0725180 -0.2241627  0.2208583 -0.3725030
  1412 -0.1788001  0.0000000 -0.0304597 -0.3271404  0.1178806 -0.4754808
  1413 -0.1573491  0.0000000 -0.0090088 -0.3056895  0.1393316 -0.4540298
  1414 -0.1376938  0.0000000  0.0106466 -0.2860341  0.1589869 -0.4343745
  1415 -0.0898046  0.0000000  0.0585357 -0.2381450  0.2068761 -0.3864853
  1416 -0.0029083  0.0000000  0.1454320 -0.1512486  0.2937724 -0.2995890
  1417 -0.0810294  0.0000000  0.0673109 -0.2293698  0.2156513 -0.3777101
  1418 -0.1056230  0.0000000  0.0427174 -0.2539633  0.1910577 -0.4023037
  1419 -0.1468868  0.0000000  0.0014535 -0.2952272  0.1497938 -0.4435675
  1420 -0.1644955  0.0000000 -0.0161552 -0.3128359  0.1321852 -0.4611762
  1421 -0.2864416  0.0000000 -0.1381012 -0.4347819  0.0102391 -0.5831223
  1422 -0.1411597  0.0000000  0.0071807 -0.2895000  0.1555210 -0.4378404
  1423 -0.0797600  0.0000000  0.0685803 -0.2281004  0.2169206 -0.3764407
  1424 -0.0155606  0.0000000  0.1327797 -0.1639009  0.2811201 -0.3122413
  1425 -0.1270101  0.0000000  0.0213302 -0.2753505  0.1696705 -0.4236908
  1426 -0.0737995  0.0000000  0.0745408 -0.2221399  0.2228812 -0.3704802
  1427 -0.2082874  0.0000000 -0.0599471 -0.3566278  0.0883932 -0.5049681
  1428 -0.1544291  0.0000000 -0.0060887 -0.3027694  0.1422516 -0.4511097
  1429 -0.1817812  0.0000000 -0.0334409 -0.3301216  0.1148994 -0.4784619
  1430 -0.1222124  0.0000000  0.0261280 -0.2705527  0.1744683 -0.4188931
  1431 -0.2006274  0.0000000 -0.0522871 -0.3489678  0.0960533 -0.4973081
  1432 -0.1769087  0.0000000 -0.0285684 -0.3252491  0.1197720 -0.4735894
  1433 -0.0456014  0.0000000  0.1027389 -0.1939417  0.2510793 -0.3422821
  1434 -0.0966421  0.0000000  0.0516983 -0.2449824  0.2000386 -0.3933228
  1435 -0.0316790  0.0000000  0.1166613 -0.1800194  0.2650017 -0.3283597
  1436 -0.0291674  0.0000000  0.1191729 -0.1775078  0.2675133 -0.3258481
  1437 -0.0092105  0.0000000  0.1391299 -0.1575508  0.2874702 -0.3058912
  1438 -0.1454228  0.0000000  0.0029176 -0.2937631  0.1512579 -0.4421035
  1439 -0.1759766  0.0000000 -0.0276362 -0.3243169  0.1207041 -0.4726573
  1440 -0.0400932  0.0000000  0.1082471 -0.1884336  0.2565875 -0.3367739
  1441  0.0145162  0.0000000  0.1628566 -0.1338241  0.3111969 -0.2821645
  1442 -0.0929082  0.0000000  0.0554322 -0.2412485  0.2037725 -0.3895889
  1443 -0.0196995  0.0000000  0.1286409 -0.1680398  0.2769812 -0.3163802
  1444 -0.0302729  0.0000000  0.1180675 -0.1786132  0.2664078 -0.3269535
  1445 -0.1908694  0.0000000 -0.0425291 -0.3392098  0.1058113 -0.4875501
  1446 -0.1942116  0.0000000 -0.0458712 -0.3425519  0.1024691 -0.4908923
  1447 -0.1109415  0.0000000  0.0373988 -0.2592819  0.1857391 -0.4076222
  1448 -0.1882931  0.0000000 -0.0399527 -0.3366334  0.1083876 -0.4849737
  1449 -0.2335521  0.0000000 -0.0852118 -0.3818925  0.0631286 -0.5302328
  1450 -0.2506744  0.0000000 -0.1010607 -0.4002881  0.0485530 -0.5499017
  1451 -0.2003549  0.0000000 -0.0507413 -0.3499686  0.0988724 -0.4995823
  1452 -0.1488980  0.0000000  0.0007157 -0.2985117  0.1503293 -0.4481254
  1453 -0.2376919  0.0000000 -0.0880782 -0.3873056  0.0615355 -0.5369192
  1454 -0.3174232  0.0000000 -0.1678095 -0.4670369 -0.0181959 -0.6166506
  1455 -0.3155684  0.0000000 -0.1659547 -0.4651821 -0.0163410 -0.6147958
  1456 -0.3541001  0.0000000 -0.2044865 -0.5037138 -0.0548728 -0.6533275
  1457 -0.3270598  0.0000000 -0.1774462 -0.4766735 -0.0278325 -0.6262872
  1458 -0.4126612  0.0000000 -0.2630475 -0.5622749 -0.1134338 -0.7118885
  1459 -0.3868668  0.0000000 -0.2372532 -0.5364805 -0.0876395 -0.6860942
  1460 -0.3423614  0.0000000 -0.1927478 -0.4919751 -0.0431341 -0.6415888
  1461 -0.3898032  0.0000000 -0.2401895 -0.5394169 -0.0905758 -0.6890306
  1462 -0.4591621  0.0000000 -0.3095484 -0.6087757 -0.1599347 -0.7583894
  1463 -0.3307120  0.0000000 -0.1810983 -0.4803256 -0.0314846 -0.6299393
  1464 -0.4558110  0.0000000 -0.3061973 -0.6054247 -0.1565837 -0.7550384
  1465 -0.3815781  0.0000000 -0.2319644 -0.5311918 -0.0823507 -0.6808054
  1466 -0.3390689  0.0000000 -0.1894552 -0.4886826 -0.0398416 -0.6382963
  1467 -0.3470528  0.0000000 -0.1974391 -0.4966664 -0.0478254 -0.6462801
  1468 -0.3997073  0.0000000 -0.2500936 -0.5493210 -0.1004799 -0.6989347
  1469 -0.3148764  0.0000000 -0.1652627 -0.4644901 -0.0156491 -0.6141038
  1470 -0.2815918  0.0000000 -0.1319782 -0.4312055  0.0176355 -0.5808192
  1471 -0.4146792  0.0000000 -0.2650656 -0.5642929 -0.1154519 -0.7139066
  1472 -0.4002053  0.0000000 -0.2505916 -0.5498190 -0.1009779 -0.6994326
  1473 -0.3534903  0.0000000 -0.2038767 -0.5031040 -0.0542630 -0.6527177
  1474 -0.1534297  0.0000000 -0.0038160 -0.3030433  0.1457977 -0.4526570
  1475 -0.3243845  0.0000000 -0.1747708 -0.4739982 -0.0251571 -0.6236118
  1476 -0.2408410  0.0000000 -0.0912274 -0.3904547  0.0583863 -0.5400684
  1477 -0.1930879  0.0000000 -0.0434742 -0.3427016  0.1061395 -0.4923153
  1478 -0.2002298  0.0000000 -0.0506161 -0.3498434  0.0989976 -0.4994571
  1479 -0.1355066  0.0000000  0.0141070 -0.2851203  0.1637207 -0.4347340
  1480 -0.1517186  0.0000000 -0.0021049 -0.3013323  0.1475088 -0.4509459
  1481 -0.1323676  0.0000000  0.0172461 -0.2819813  0.1668598 -0.4315949
  1482 -0.2558072  0.0000000 -0.1061935 -0.4054208  0.0434202 -0.5550345
  1483 -0.1862419  0.0000000 -0.0366283 -0.3358556  0.1129854 -0.4854693
  1484 -0.0910035  0.0000000  0.0586102 -0.2406171  0.2082239 -0.3902308
  1485 -0.0905281  0.0000000  0.0590855 -0.2401418  0.2086992 -0.3897555
  1486 -0.1734491  0.0000000 -0.0238354 -0.3230627  0.1257783 -0.4726764
  1487 -0.1706300  0.0000000 -0.0210163 -0.3202437  0.1285974 -0.4698573
  1488 -0.1059706  0.0000000  0.0436431 -0.2555842  0.1932568 -0.4051979
  1489 -0.0794536  0.0000000  0.0701601 -0.2290673  0.2197738 -0.3786809
  1490 -0.0997543  0.0000000  0.0498594 -0.2493679  0.1994731 -0.3989816
  1491 -0.0725852  0.0000000  0.0770285 -0.2221989  0.2266422 -0.3718125
  1492 -0.2721951  0.0000000 -0.1225814 -0.4218088  0.0270322 -0.5714225
  1493 -0.0810683  0.0000000  0.0685453 -0.2306820  0.2181590 -0.3802957
  1494 -0.1299262  0.0000000  0.0196875 -0.2795399  0.1693012 -0.4291536
  1495 -0.2236633  0.0000000 -0.0740496 -0.3732770  0.0755640 -0.5228907
  1496 -0.3081078  0.0000000 -0.1584941 -0.4577215 -0.0088805 -0.6073352
  1497 -0.3461166  0.0000000 -0.1965029 -0.4957302 -0.0468892 -0.6453439
  1498 -0.2330036  0.0000000 -0.0833899 -0.3826172  0.0662238 -0.5322309
  1499 -0.2188188  0.0000000 -0.0692051 -0.3684325  0.0804085 -0.5180462
  1500 -0.1909111  0.0000000 -0.0425707 -0.3392514  0.1057696 -0.4875917
  1501 -0.2036737  0.0000000 -0.0553334 -0.3520140  0.0930070 -0.5003544
  1502 -0.2590164  0.0000000 -0.1106761 -0.4073567  0.0376643 -0.5556971
  1503 -0.1080392  0.0000000  0.0403012 -0.2563795  0.1886415 -0.4047199
  1504 -0.0960774  0.0000000  0.0522630 -0.2444177  0.2006033 -0.3927580
  1505 -0.1772201  0.0000000 -0.0288798 -0.3255605  0.1194606 -0.4739008
  1506 -0.1730905  0.0000000 -0.0247501 -0.3214308  0.1235902 -0.4697712
  1507 -0.0659711  0.0000000  0.0823693 -0.2143114  0.2307096 -0.3626518
  1508 -0.0425196  0.0000000  0.1058208 -0.1908599  0.2541611 -0.3392003
  1509 -0.0115747  0.0000000  0.1367657 -0.1599150  0.2851060 -0.3082554
  1510  0.0631404  0.0000000  0.2114807 -0.0852000  0.3598210 -0.2335403
  1511  0.0312068  0.0000000  0.1795472 -0.1171335  0.3278875 -0.2654738
  1512 -0.0557786  0.0000000  0.0925617 -0.2041189  0.2409021 -0.3524593
  1513 -0.1668865  0.0000000 -0.0185462 -0.3152269  0.1297942 -0.4635672
  1514 -0.1227199  0.0000000  0.0256205 -0.2710602  0.1739608 -0.4194006
  1515 -0.1592894  0.0000000 -0.0109490 -0.3076297  0.1373913 -0.4559701
  1516 -0.0742206  0.0000000  0.0741198 -0.2225609  0.2224601 -0.3709012
  1517 -0.1328687  0.0000000  0.0154716 -0.2812091  0.1638120 -0.4295494
  1518 -0.2629600  0.0000000 -0.1146196 -0.4113003  0.0337207 -0.5596407
  1519 -0.2058911  0.0000000 -0.0575508 -0.3542315  0.0907896 -0.5025718
  1520 -0.1440290  0.0000000  0.0043113 -0.2923694  0.1526517 -0.4407097
  1521 -0.0991185  0.0000000  0.0492219 -0.2474588  0.1975622 -0.3957992
  1522 -0.2315702  0.0000000 -0.0832299 -0.3799106  0.0651105 -0.5282509
  1523 -0.1205177  0.0000000  0.0278227 -0.2688580  0.1761630 -0.4171984
  1524 -0.1070813  0.0000000  0.0412590 -0.2554217  0.1895994 -0.4037620
  1525 -0.0461834  0.0000000  0.1021569 -0.1945237  0.2504973 -0.3428641
  1526 -0.0880565  0.0000000  0.0602838 -0.2363969  0.2086241 -0.3847372
  1527 -0.0330461  0.0000000  0.1152943 -0.1813864  0.2636346 -0.3297268
  1528 -0.1954519  0.0000000 -0.0471115 -0.3437922  0.1012288 -0.4921326
  1529 -0.1729499  0.0000000 -0.0246096 -0.3212903  0.1237308 -0.4696306
  1530 -0.0452878  0.0000000  0.1030526 -0.1936281  0.2513929 -0.3419685
  1531 -0.0174577  0.0000000  0.1308827 -0.1657980  0.2792230 -0.3141384
  1532 -0.0772944  0.0000000  0.0710459 -0.2256348  0.2193862 -0.3739751
  1533 -0.1580522  0.0000000 -0.0097119 -0.3063926  0.1386284 -0.4547329
  1534 -0.1610617  0.0000000 -0.0127213 -0.3094020  0.1356190 -0.4577423
  1535 -0.0594088  0.0000000  0.0889316 -0.2077491  0.2372719 -0.3560895
  1536 -0.1120044  0.0000000  0.0363360 -0.2603447  0.1846763 -0.4086851
  1537 -0.1574567  0.0000000 -0.0091163 -0.3057970  0.1392240 -0.4541373
  1538 -0.1958570  0.0000000 -0.0475167 -0.3441973  0.1008237 -0.4925377
  1539 -0.0593224  0.0000000  0.0890180 -0.2076627  0.2373583 -0.3560031
  1540 -0.1437553  0.0000000  0.0045850 -0.2920957  0.1529254 -0.4404360
  1541 -0.1790814  0.0000000 -0.0307411 -0.3274218  0.1175993 -0.4757621
  1542 -0.1115948  0.0000000  0.0367456 -0.2599351  0.1850859 -0.4082755
  1543 -0.1945775  0.0000000 -0.0462372 -0.3429179  0.1021032 -0.4912582
  1544 -0.1720706  0.0000000 -0.0237302 -0.3204109  0.1246101 -0.4687513
  1545 -0.1334290  0.0000000  0.0149113 -0.2817693  0.1632517 -0.4301097
  1546 -0.0665071  0.0000000  0.0818332 -0.2148475  0.2301736 -0.3631878
  1547 -0.2190807  0.0000000 -0.0707404 -0.3674211  0.0776000 -0.5157614
  1548 -0.2097598  0.0000000 -0.0614194 -0.3581001  0.0869209 -0.5064405
  1549 -0.2243415  0.0000000 -0.0760012 -0.3726819  0.0723391 -0.5210222
  1550 -0.1645938  0.0000000 -0.0162534 -0.3129341  0.1320869 -0.4612745
  1551 -0.1470269  0.0000000  0.0013134 -0.2953673  0.1496538 -0.4437076
  1552 -0.1621263  0.0000000 -0.0137859 -0.3104666  0.1345544 -0.4588070
  1553 -0.1785513  0.0000000 -0.0302109 -0.3268916  0.1181294 -0.4752320
  1554 -0.0518941  0.0000000  0.0964462 -0.2002344  0.2447866 -0.3485748
  1555 -0.0548287  0.0000000  0.0935116 -0.2031690  0.2418520 -0.3515094
  1556 -0.0302494  0.0000000  0.1180910 -0.1785897  0.2664313 -0.3269300
  1557 -0.1182765  0.0000000  0.0300638 -0.2666169  0.1784042 -0.4149572
  1558 -0.1991454  0.0000000 -0.0508051 -0.3474858  0.0975353 -0.4958261
  1559 -0.1052603  0.0000000  0.0430800 -0.2536006  0.1914204 -0.4019410
  1560 -0.1361523  0.0000000  0.0121881 -0.2844926  0.1605284 -0.4328330
  1561 -0.1680823  0.0000000 -0.0197419 -0.3164226  0.1285984 -0.4647630
  1562 -0.0907264  0.0000000  0.0576139 -0.2390668  0.2059543 -0.3874071
  1563  0.0042978  0.0000000  0.1526381 -0.1440426  0.3009785 -0.2923829
  1564  0.0388657  0.0000000  0.1872061 -0.1094746  0.3355464 -0.2578149
  1565 -0.0172192  0.0000000  0.1311211 -0.1655596  0.2794615 -0.3138999
  1566  0.0215475  0.0000000  0.1698878 -0.1267928  0.3182282 -0.2751332
  1567 -0.1092916  0.0000000  0.0390487 -0.2576320  0.1873890 -0.4059723
  1568 -0.0292280  0.0000000  0.1191124 -0.1775683  0.2674527 -0.3259087
  1569 -0.0671955  0.0000000  0.0811448 -0.2155359  0.2294851 -0.3638762
  1570 -0.0669460  0.0000000  0.0813943 -0.2152864  0.2297347 -0.3636267
  1571 -0.0807353  0.0000000  0.0676050 -0.2290757  0.2159454 -0.3774160
  1572 -0.1587214  0.0000000 -0.0103811 -0.3070618  0.1379593 -0.4554021
  1573 -0.1725671  0.0000000 -0.0242267 -0.3209074  0.1241136 -0.4692478
  1574 -0.0202543  0.0000000  0.1280860 -0.1685947  0.2764264 -0.3169350
  1575 -0.1262828  0.0000000  0.0220575 -0.2746232  0.1703979 -0.4229635
  1576 -0.1141955  0.0000000  0.0341448 -0.2625359  0.1824851 -0.4108762
  1577 -0.2237258  0.0000000 -0.0753855 -0.3720662  0.0729548 -0.5204065
  1578 -0.2935744  0.0000000 -0.1452340 -0.4419147  0.0031063 -0.5902551
  1579 -0.2946071  0.0000000 -0.1462668 -0.4429474  0.0020736 -0.5912878
  1580 -0.2330480  0.0000000 -0.0847077 -0.3813884  0.0636326 -0.5297287
  1581 -0.1755707  0.0000000 -0.0272304 -0.3239110  0.1211100 -0.4722514
  1582 -0.0915900  0.0000000  0.0567503 -0.2399304  0.2050907 -0.3882707
  1583 -0.1285379  0.0000000  0.0198025 -0.2768782  0.1681428 -0.4252186
  1584 -0.1114773  0.0000000  0.0368631 -0.2598176  0.1852034 -0.4081579
  1585 -0.1255925  0.0000000  0.0227478 -0.2739329  0.1710882 -0.4222732
  1586 -0.1986998  0.0000000 -0.0503595 -0.3470402  0.0979808 -0.4953805
  1587 -0.2823793  0.0000000 -0.1340390 -0.4307196  0.0143014 -0.5790600
  1588 -0.2267310  0.0000000 -0.0783906 -0.3750713  0.0699497 -0.5234117
  1589 -0.2386020  0.0000000 -0.0902617 -0.3869423  0.0580787 -0.5352827
  1590 -0.2971532  0.0000000 -0.1488129 -0.4454935 -0.0004725 -0.5938339
  1591 -0.2982511  0.0000000 -0.1499108 -0.4465915 -0.0015704 -0.5949318
  1592 -0.2027575  0.0000000 -0.0544171 -0.3510978  0.0939232 -0.4994382
  1593 -0.1596373  0.0000000 -0.0112969 -0.3079776  0.1370434 -0.4563180
  1594 -0.1782167  0.0000000 -0.0298764 -0.3265571  0.1184640 -0.4748974
  1595 -0.2242852  0.0000000 -0.0759448 -0.3726255  0.0723955 -0.5209658
  1596 -0.1670083  0.0000000 -0.0186679 -0.3153486  0.1296724 -0.4636889
  1597 -0.1475069  0.0000000  0.0008335 -0.2958472  0.1491738 -0.4441876
  1598 -0.1554813  0.0000000 -0.0071410 -0.3038217  0.1411994 -0.4521620
  1599 -0.1552955  0.0000000 -0.0069551 -0.3036358  0.1413852 -0.4519762
  1600 -0.1291257  0.0000000 -0.0172329 -0.2410185  0.0946600 -0.3529114
  1601 -0.3664530  0.0000000 -0.2545602 -0.4783458 -0.1426673 -0.5902386
  1602 -0.1939619  0.0000000 -0.0820690 -0.3058547  0.0298238 -0.4177475
  1603 -0.2504773  0.0000000 -0.1385845 -0.3623702 -0.0266917 -0.4742630
  1604 -0.2675369  0.0000000 -0.1556440 -0.3794297 -0.0437512 -0.4913225
  1605 -0.1681635  0.0000000 -0.0562707 -0.2800563  0.0556221 -0.3919492
  1606 -0.2634495  0.0000000 -0.1515567 -0.3753423 -0.0396639 -0.4872352
  1607 -0.1987961  0.0000000 -0.0869033 -0.3106889  0.0249895 -0.4225818
  1608 -0.2231855  0.0000000 -0.1112927 -0.3350783  0.0006002 -0.4469711
  1609 -0.1521906  0.0000000 -0.0402978 -0.2640835  0.0715950 -0.3759763
  1610 -0.1021544  0.0000000  0.0097384 -0.2140472  0.1216313 -0.3259401
  1611 -0.2316159  0.0000000 -0.1197231 -0.3435087 -0.0078303 -0.4554016
  1612 -0.1923809  0.0000000 -0.0804881 -0.3042738  0.0314047 -0.4161666
  1613 -0.1243336  0.0000000 -0.0124407 -0.2362264  0.0994521 -0.3481192
  1614 -0.2258614  0.0000000 -0.1139686 -0.3377543 -0.0020758 -0.4496471
  1615 -0.2076579  0.0000000 -0.0957650 -0.3195507  0.0161278 -0.4314435
  1616 -0.1431981  0.0000000 -0.0313053 -0.2550909  0.0805876 -0.3669837
  1617 -0.0625163  0.0000000  0.0493765 -0.1744092  0.1612693 -0.2863020
  1618 -0.0800429  0.0000000  0.0318500 -0.1919357  0.1437428 -0.3038285
  1619 -0.0347838  0.0000000  0.0771090 -0.1466766  0.1890019 -0.2585694
  1620 -0.0333787  0.0000000  0.0785141 -0.1452715  0.1904070 -0.2571643
  1621 -0.0749074  0.0000000  0.0369854 -0.1868003  0.1488782 -0.2986931
  1622 -0.1647945  0.0000000 -0.0529017 -0.2766873  0.0589912 -0.3885801
  1623 -0.2485938  0.0000000 -0.1367010 -0.3604866 -0.0248081 -0.4723794
  1624 -0.1890882  0.0000000 -0.0771954 -0.3009811  0.0346974 -0.4128739
  1625 -0.2481920  0.0000000 -0.1362992 -0.3600849 -0.0244064 -0.4719777
  1626 -0.3437166  0.0000000 -0.2318238 -0.4556094 -0.1199309 -0.5675023
  1627 -0.2519353  0.0000000 -0.1400425 -0.3638282 -0.0281497 -0.4757210
  1628 -0.1658748  0.0000000 -0.0539820 -0.2777676  0.0579109 -0.3896604
  1629 -0.1785797  0.0000000 -0.0666868 -0.2904725  0.0452060 -0.4023653
  1630 -0.1183399  0.0000000 -0.0064471 -0.2302327  0.1054457 -0.3421256
  1631 -0.2604680  0.0000000 -0.1485752 -0.3723608 -0.0366824 -0.4842537
  1632 -0.0728077  0.0000000  0.0390851 -0.1847005  0.1509780 -0.2965934
  1633 -0.1559843  0.0000000 -0.0440915 -0.2678772  0.0678013 -0.3797700
  1634 -0.0238815  0.0000000  0.0880114 -0.1357743  0.1999042 -0.2476671
  1635  0.0032321  0.0000000  0.1151249 -0.1086607  0.2270178 -0.2205535
  1636  0.0858546  0.0000000  0.1977474 -0.0260382  0.3096402 -0.1379311
  1637 -0.0890192  0.0000000  0.0228736 -0.2009121  0.1347664 -0.3128049
  1638 -0.1493085  0.0000000 -0.0374157 -0.2612014  0.0744771 -0.3730942
  1639 -0.1382253  0.0000000 -0.0263325 -0.2501181  0.0855603 -0.3620110
  1640 -0.0220086  0.0000000  0.0898842 -0.1339014  0.2017770 -0.2457943
  1641 -0.2810141  0.0000000 -0.1691213 -0.3929070 -0.0572285 -0.5047998
  1642 -0.3824418  0.0000000 -0.2705490 -0.4943346 -0.1586561 -0.6062274
  1643 -0.1925275  0.0000000 -0.0806347 -0.3044204  0.0312581 -0.4163132
  1644 -0.2555347  0.0000000 -0.1436419 -0.3674275 -0.0317490 -0.4793204
  1645 -0.2073813  0.0000000 -0.0954884 -0.3192741  0.0164044 -0.4311669
  1646 -0.2000860  0.0000000 -0.0881932 -0.3119788  0.0236996 -0.4238717
  1647 -0.2062477  0.0000000 -0.0943549 -0.3181405  0.0175379 -0.4300334
  1648 -0.1488893  0.0000000 -0.0369965 -0.2607821  0.0748964 -0.3726749
  1649 -0.1642866  0.0000000 -0.0523938 -0.2761794  0.0594990 -0.3880723
  1650 -0.1074937  0.0000000 -0.0044256 -0.2105618  0.0986425 -0.3136299
  1651 -0.1179302  0.0000000 -0.0148621 -0.2209983  0.0882060 -0.3240664
  1652 -0.0613468  0.0000000  0.0417213 -0.1644149  0.1447894 -0.2674830
  1653 -0.0816586  0.0000000  0.0214095 -0.1847267  0.1244776 -0.2877948
  1654 -0.1301407  0.0000000 -0.0270726 -0.2332088  0.0759955 -0.3362769
  1655 -0.0401019  0.0000000  0.0629662 -0.1431700  0.1660343 -0.2462381
  1656 -0.0172037  0.0000000  0.0858644 -0.1202718  0.1889325 -0.2233399
  1657 -0.0239264  0.0000000  0.0791417 -0.1269945  0.1822098 -0.2300626
  1658 -0.0575215  0.0000000  0.0455466 -0.1605896  0.1486147 -0.2636577
  1659 -0.1004164  0.0000000  0.0026517 -0.2034845  0.1057198 -0.3065526
  1660 -0.1207959  0.0000000 -0.0177278 -0.2238640  0.0853403 -0.3269321
  1661 -0.0950311  0.0000000  0.0080370 -0.1980992  0.1111051 -0.3011673
  1662 -0.0995768  0.0000000  0.0034913 -0.2026449  0.1065594 -0.3057130
  1663 -0.1959497  0.0000000 -0.0928816 -0.2990178  0.0101865 -0.4020859
  1664 -0.2968949  0.0000000 -0.1938268 -0.3999630 -0.0907588 -0.5030311
  1665 -0.2580992  0.0000000 -0.1550311 -0.3611673 -0.0519630 -0.4642354
  1666 -0.1319315  0.0000000 -0.0288634 -0.2349996  0.0742047 -0.3380677
  1667 -0.3285918  0.0000000 -0.2255237 -0.4316599 -0.1224556 -0.5347280
  1668 -0.2630746  0.0000000 -0.1600065 -0.3661427 -0.0569384 -0.4692108
  1669 -0.3050389  0.0000000 -0.2019708 -0.4081070 -0.0989027 -0.5111751
  1670 -0.2077797  0.0000000 -0.1047116 -0.3108478 -0.0016435 -0.4139159
  1671 -0.1667418  0.0000000 -0.0636737 -0.2698099  0.0393944 -0.3728780
  1672 -0.2940788  0.0000000 -0.1910107 -0.3971469 -0.0879426 -0.5002150
  1673 -0.3830025  0.0000000 -0.2799344 -0.4860706 -0.1768663 -0.5891387
  1674 -0.3053535  0.0000000 -0.2022854 -0.4084216 -0.0992173 -0.5114897
  1675 -0.2934122  0.0000000 -0.1903441 -0.3964803 -0.0872760 -0.4995484
  1676 -0.3448085  0.0000000 -0.2417404 -0.4478766 -0.1386723 -0.5509447
  1677 -0.1949724  0.0000000 -0.0919043 -0.2980405  0.0111638 -0.4011086
  1678 -0.2991095  0.0000000 -0.1960414 -0.4021776 -0.0929733 -0.5052457
  1679 -0.2982683  0.0000000 -0.1952002 -0.4013364 -0.0921321 -0.5044045
  1680 -0.3388490  0.0000000 -0.2357809 -0.4419171 -0.1327128 -0.5449852
  1681 -0.1252094  0.0000000 -0.0221413 -0.2282775  0.0809268 -0.3313456
  1682 -0.1759572  0.0000000 -0.0728891 -0.2790253  0.0301790 -0.3820934
  1683 -0.2639832  0.0000000 -0.1609151 -0.3670513 -0.0578470 -0.4701194
  1684 -0.2554075  0.0000000 -0.1523394 -0.3584756 -0.0492713 -0.4615437
  1685 -0.2782275  0.0000000 -0.1751594 -0.3812956 -0.0720913 -0.4843637
  1686 -0.2467890  0.0000000 -0.1437209 -0.3498571 -0.0406528 -0.4529252
  1687 -0.1636629  0.0000000 -0.0605948 -0.2667310  0.0424733 -0.3697991
  1688 -0.2444402  0.0000000 -0.1413721 -0.3475083 -0.0383040 -0.4505764
  1689 -0.0717116  0.0000000  0.0313565 -0.1747797  0.1344246 -0.2778478
  1690 -0.0566990  0.0000000  0.0463691 -0.1597671  0.1494372 -0.2628352
  1691 -0.0718504  0.0000000  0.0312177 -0.1749185  0.1342858 -0.2779866
  1692 -0.1599491  0.0000000 -0.0568810 -0.2630172  0.0461871 -0.3660853
  1693 -0.0951633  0.0000000  0.0079048 -0.1982314  0.1109729 -0.3012995
  1694 -0.0628232  0.0000000  0.0402449 -0.1658913  0.1433130 -0.2689594
  1695 -0.2248043  0.0000000 -0.1217362 -0.3278724 -0.0186681 -0.4309405
  1696 -0.3720383  0.0000000 -0.2689702 -0.4751064 -0.1659021 -0.5781745
  1697 -0.2586675  0.0000000 -0.1555994 -0.3617356 -0.0525313 -0.4648037
  1698 -0.3468142  0.0000000 -0.2437461 -0.4498823 -0.1406780 -0.5529504
  1699 -0.3621244  0.0000000 -0.2590563 -0.4651925 -0.1559882 -0.5682606
  1700 -0.3926642  0.0000000 -0.2877717 -0.4975567 -0.1828793 -0.6024491
  1701 -0.3151809  0.0000000 -0.2102884 -0.4200734 -0.1053960 -0.5249658
  1702 -0.1722660  0.0000000 -0.0673735 -0.2771584  0.0375190 -0.3820509
  1703 -0.1892773  0.0000000 -0.0843849 -0.2941698  0.0205076 -0.3990623
  1704 -0.2364285  0.0000000 -0.1315360 -0.3413210 -0.0266436 -0.4462134
  1705 -0.3622435  0.0000000 -0.2573510 -0.4671359 -0.1524586 -0.5720284
  1706 -0.2691450  0.0000000 -0.1642525 -0.3740374 -0.0593600 -0.4789299
  1707 -0.1454790  0.0000000 -0.0405865 -0.2503714  0.0643060 -0.3552639
  1708 -0.1721303  0.0000000 -0.0672378 -0.2770227  0.0376547 -0.3819152
  1709 -0.1956713  0.0000000 -0.0907788 -0.3005637  0.0141137 -0.4054562
  1710 -0.1762818  0.0000000 -0.0713893 -0.2811742  0.0335031 -0.3860667
  1711 -0.2370218  0.0000000 -0.1321294 -0.3419143 -0.0272369 -0.4468067
  1712 -0.2553338  0.0000000 -0.1504414 -0.3602263 -0.0455489 -0.4651188
  1713 -0.2108757  0.0000000 -0.1059833 -0.3157682 -0.0010908 -0.4206607
  1714 -0.2644575  0.0000000 -0.1595651 -0.3693500 -0.0546726 -0.4742425
  1715 -0.1870806  0.0000000 -0.0821882 -0.2919731  0.0227043 -0.3968656
  1716 -0.2571694  0.0000000 -0.1522769 -0.3620619 -0.0473845 -0.4669543
  1717 -0.2410663  0.0000000 -0.1361738 -0.3459588 -0.0312814 -0.4508512
  1718 -0.1454247  0.0000000 -0.0405322 -0.2503172  0.0643602 -0.3552096
  1719 -0.1613451  0.0000000 -0.0564526 -0.2662375  0.0484399 -0.3711300
  1720 -0.0842017  0.0000000  0.0206908 -0.1890941  0.1255832 -0.2939866
  1721 -0.0963666  0.0000000  0.0085258 -0.2012591  0.1134183 -0.3061515
  1722 -0.0767390  0.0000000  0.0281534 -0.1816315  0.1330459 -0.2865240
  1723  0.0565785  0.0000000  0.1614710 -0.0483140  0.2663634 -0.1532064
  1724 -0.0283025  0.0000000  0.0765899 -0.1331950  0.1814824 -0.2380875
  1725 -0.2729240  0.0000000 -0.1680316 -0.3778165 -0.0631391 -0.4827089
  1726 -0.0631626  0.0000000  0.0417299 -0.1680551  0.1466223 -0.2729475
  1727 -0.0140047  0.0000000  0.0908878 -0.1188972  0.1957802 -0.2237896
  1728 -0.1902847  0.0000000 -0.0853922 -0.2951771  0.0195003 -0.4000696
  1729 -0.0496633  0.0000000  0.0552291 -0.1545558  0.1601216 -0.2594482
  1730 -0.1023713  0.0000000  0.0025211 -0.2072638  0.1074136 -0.3121563
  1731 -0.1654693  0.0000000 -0.0605769 -0.2703618  0.0443156 -0.3752542
  1732 -0.2519335  0.0000000 -0.1470410 -0.3568259 -0.0421485 -0.4617184
  1733 -0.1763957  0.0000000 -0.0715032 -0.2812881  0.0333893 -0.3861806
  1734 -0.2570514  0.0000000 -0.1521589 -0.3619438 -0.0472664 -0.4668363
  1735 -0.1206635  0.0000000 -0.0157710 -0.2255560  0.0891214 -0.3304484
  1736 -0.1128220  0.0000000 -0.0079296 -0.2177145  0.0969629 -0.3226069
  1737 -0.1171844  0.0000000 -0.0122920 -0.2220769  0.0926005 -0.3269693
  1738 -0.1414053  0.0000000 -0.0365128 -0.2462977  0.0683797 -0.3511902
  1739 -0.0927562  0.0000000  0.0121362 -0.1976487  0.1170287 -0.3025412
  1740 -0.0821574  0.0000000  0.0227351 -0.1870498  0.1276275 -0.2919423
  1741 -0.0810416  0.0000000  0.0238508 -0.1859341  0.1287433 -0.2908266
  1742 -0.2249310  0.0000000 -0.1200386 -0.3298235 -0.0151461 -0.4347159
  1743 -0.2512878  0.0000000 -0.1463954 -0.3561803 -0.0415029 -0.4610728
  1744 -0.2747635  0.0000000 -0.1698711 -0.3796560 -0.0649786 -0.4845485
  1745 -0.1989142  0.0000000 -0.0940217 -0.3038066  0.0108707 -0.4086991
  1746 -0.2548798  0.0000000 -0.1499874 -0.3597723 -0.0450949 -0.4646648
  1747 -0.1805444  0.0000000 -0.0756519 -0.2854368  0.0292405 -0.3903293
  1748 -0.0575009  0.0000000  0.0473916 -0.1623933  0.1522840 -0.2672858
  1749 -0.0064574  0.0000000  0.0984350 -0.1113499  0.2033275 -0.2162424
  1750 -0.1207004  0.0000000 -0.0122513 -0.2291496  0.0961979 -0.3375987
  1751 -0.1381527  0.0000000 -0.0297035 -0.2466018  0.0787456 -0.3550510
  1752 -0.1447195  0.0000000 -0.0362703 -0.2531686  0.0721788 -0.3616178
  1753 -0.1487371  0.0000000 -0.0402879 -0.2571862  0.0681612 -0.3656354
  1754 -0.1156082  0.0000000 -0.0071591 -0.2240574  0.1012901 -0.3325065
  1755 -0.1557325  0.0000000 -0.0472834 -0.2641817  0.0611658 -0.3726308
  1756 -0.0324617  0.0000000  0.0759874 -0.1409109  0.1844366 -0.2493600
  1757 -0.1712325  0.0000000 -0.0627834 -0.2796817  0.0456658 -0.3881308
  1758 -0.1395404  0.0000000 -0.0310912 -0.2479895  0.0773579 -0.3564387
  1759 -0.0212589  0.0000000  0.0871903 -0.1297080  0.1956394 -0.2381572
  1760  0.0370681  0.0000000  0.1401362 -0.0660000  0.2432043 -0.1690681
  1761 -0.1444491  0.0000000 -0.0413810 -0.2475172  0.0616871 -0.3505853
  1762 -0.0367354  0.0000000  0.0663327 -0.1398034  0.1694008 -0.2428715
  1763 -0.1661977  0.0000000 -0.0631296 -0.2692658  0.0399385 -0.3723339
  1764 -0.2312818  0.0000000 -0.1282137 -0.3343499 -0.0251456 -0.4374180
  1765 -0.0764539  0.0000000  0.0266142 -0.1795220  0.1296823 -0.2825901
  1766 -0.0483670  0.0000000  0.0547011 -0.1514351  0.1577692 -0.2545032
  1767  0.0219507  0.0000000  0.1250188 -0.0811174  0.2280869 -0.1841855
  1768 -0.0626435  0.0000000  0.0404246 -0.1657116  0.1434927 -0.2687797
  1769 -0.2189648  0.0000000 -0.1158967 -0.3220329 -0.0128286 -0.4251010
  1770  0.0906920  0.0000000  0.1937601 -0.0123761  0.2968282 -0.1154442
  1771  0.0118861  0.0000000  0.1149542 -0.0911820  0.2180223 -0.1942501
  1772  0.1219270  0.0000000  0.2249951  0.0188589  0.3280632 -0.0842092
  1773 -0.0413339  0.0000000  0.0617341 -0.1444020  0.1648022 -0.2474701
  1774  0.0440503  0.0000000  0.1471184 -0.0590178  0.2501865 -0.1620859
  1775  0.0518368  0.0000000  0.1549049 -0.0512313  0.2579730 -0.1542994
  1776 -0.0106902  0.0000000  0.0923779 -0.1137583  0.1954460 -0.2168264
  1777 -0.1124347  0.0000000 -0.0093666 -0.2155028  0.0937015 -0.3185709
  1778 -0.0857082  0.0000000  0.0173599 -0.1887763  0.1204280 -0.2918444
  1779 -0.1835477  0.0000000 -0.0804796 -0.2866158  0.0225885 -0.3896839
  1780 -0.2063238  0.0000000 -0.1089336 -0.3037140 -0.0115434 -0.4011042
  1781 -0.0587837  0.0000000  0.0386065 -0.1561739  0.1359967 -0.2535642
  1782 -0.2513720  0.0000000 -0.1539818 -0.3487622 -0.0565916 -0.4461524
  1783 -0.0905151  0.0000000  0.0068751 -0.1879053  0.1042653 -0.2852955
  1784 -0.1280563  0.0000000 -0.0306661 -0.2254465  0.0667241 -0.3228367
  1785 -0.2665963  0.0000000 -0.1692061 -0.3639865 -0.0718159 -0.4613767
  1786 -0.2664933  0.0000000 -0.1691031 -0.3638835 -0.0717129 -0.4612737
  1787 -0.2622769  0.0000000 -0.1648867 -0.3596671 -0.0674965 -0.4570573
  1788 -0.1197859  0.0000000 -0.0223957 -0.2171761  0.0749945 -0.3145663
  1789 -0.1659464  0.0000000 -0.0685562 -0.2633366  0.0288340 -0.3607268
  1790 -0.2649930  0.0000000 -0.1676027 -0.3623832 -0.0702125 -0.4597734
  1791 -0.0620620  0.0000000  0.0353282 -0.1594522  0.1327184 -0.2568424
  1792 -0.0179937  0.0000000  0.0793966 -0.1153839  0.1767868 -0.2127741
  1793 -0.0781303  0.0000000  0.0192599 -0.1755205  0.1166501 -0.2729107
  1794  0.0274067  0.0000000  0.1247970 -0.0699835  0.2221872 -0.1673737
  1795 -0.1171286  0.0000000 -0.0197384 -0.2145188  0.0776518 -0.3119091
  1796 -0.0979712  0.0000000 -0.0005810 -0.1953614  0.0968092 -0.2927516
  1797 -0.1918651  0.0000000 -0.0944749 -0.2892553  0.0029153 -0.3866455
  1798 -0.0965261  0.0000000  0.0008641 -0.1939163  0.0982543 -0.2913065
  1799 -0.1796103  0.0000000 -0.0822201 -0.2770005  0.0151701 -0.3743907
  1800 -0.0763266  0.0000000  0.0210636 -0.1737168  0.1184538 -0.2711070
  1801 -0.0982136  0.0000000 -0.0008234 -0.1956038  0.0965669 -0.2929940
  1802 -0.1684190  0.0000000 -0.0710288 -0.2658092  0.0263614 -0.3631994
  1803 -0.2544617  0.0000000 -0.1570714 -0.3518519 -0.0596812 -0.4492421
  1804 -0.0322931  0.0000000  0.0650971 -0.1296833  0.1624873 -0.2270735
  1805 -0.1815760  0.0000000 -0.0841858 -0.2789662  0.0132044 -0.3763564
  1806 -0.0499306  0.0000000  0.0474596 -0.1473208  0.1448498 -0.2447110
  1807 -0.1415378  0.0000000 -0.0441476 -0.2389280  0.0532426 -0.3363182
  1808 -0.0785531  0.0000000  0.0188371 -0.1759433  0.1162274 -0.2733335
  1809 -0.1618513  0.0000000 -0.0644611 -0.2592415  0.0329291 -0.3566317
  1810 -0.1305448  0.0000000 -0.0331546 -0.2279350  0.0642356 -0.3253252
  1811 -0.1267069  0.0000000 -0.0293167 -0.2240971  0.0680735 -0.3214873
  1812 -0.2387135  0.0000000 -0.1413233 -0.3361037 -0.0439331 -0.4334939
  1813 -0.2565066  0.0000000 -0.1591164 -0.3538968 -0.0617262 -0.4512871
  1814 -0.2743380  0.0000000 -0.1769478 -0.3717282 -0.0795576 -0.4691184
  1815 -0.2620721  0.0000000 -0.1646819 -0.3594623 -0.0672917 -0.4568525
  1816 -0.3245480  0.0000000 -0.2271577 -0.4219382 -0.1297675 -0.5193284
  1817 -0.3402392  0.0000000 -0.2428490 -0.4376294 -0.1454588 -0.5350196
  1818 -0.2585832  0.0000000 -0.1611930 -0.3559734 -0.0638028 -0.4533636
  1819 -0.3177465  0.0000000 -0.2203563 -0.4151367 -0.1229661 -0.5125269
  1820 -0.4421635  0.0000000 -0.3467410 -0.5375861 -0.2513185 -0.6330086
  1821 -0.2107273  0.0000000 -0.1153048 -0.3061498 -0.0198823 -0.4015724
  1822 -0.2168945  0.0000000 -0.1214720 -0.3123170 -0.0260495 -0.4077396
  1823 -0.2474477  0.0000000 -0.1520252 -0.3428702 -0.0566027 -0.4382927
  1824 -0.2692864  0.0000000 -0.1738638 -0.3647089 -0.0784413 -0.4601314
  1825 -0.2052453  0.0000000 -0.1098227 -0.3006678 -0.0144002 -0.3960903
  1826 -0.0548532  0.0000000  0.0405693 -0.1502757  0.1359919 -0.2456982
  1827 -0.1489147  0.0000000 -0.0534922 -0.2443373  0.0419303 -0.3397598
  1828 -0.1094087  0.0000000 -0.0139862 -0.2048312  0.0814363 -0.3002537
  1829 -0.1637807  0.0000000 -0.0683582 -0.2592032  0.0270643 -0.3546257
  1830 -0.1403545  0.0000000 -0.0449320 -0.2357771  0.0504905 -0.3311996
  1831 -0.1190024  0.0000000 -0.0235798 -0.2144249  0.0718427 -0.3098474
  1832 -0.2368277  0.0000000 -0.1414052 -0.3322502 -0.0459827 -0.4276727
  1833 -0.1191326  0.0000000 -0.0237101 -0.2145551  0.0717124 -0.3099777
  1834  0.0638417  0.0000000  0.1592643 -0.0315808  0.2546868 -0.1270033
  1835 -0.3069021  0.0000000 -0.2114796 -0.4023246 -0.1160571 -0.4977472
  1836 -0.2141422  0.0000000 -0.1187196 -0.3095647 -0.0232971 -0.4049872
  1837 -0.3697039  0.0000000 -0.2742814 -0.4651264 -0.1788589 -0.5605489
  1838 -0.4252265  0.0000000 -0.3298040 -0.5206490 -0.2343814 -0.6160715
  1839 -0.2162018  0.0000000 -0.1207793 -0.3116243 -0.0253568 -0.4070468
  1840 -0.3749431  0.0000000 -0.2795206 -0.4703657 -0.1840981 -0.5657882
  1841 -0.1977803  0.0000000 -0.1023578 -0.2932029 -0.0069353 -0.3886254
  1842 -0.3642168  0.0000000 -0.2687943 -0.4596393 -0.1733718 -0.5550618
  1843 -0.2447958  0.0000000 -0.1493733 -0.3402183 -0.0539508 -0.4356409
  1844 -0.2453459  0.0000000 -0.1499234 -0.3407685 -0.0545009 -0.4361910
  1845 -0.3123990  0.0000000 -0.2169765 -0.4078215 -0.1215540 -0.5032441
  1846 -0.0881268  0.0000000  0.0072957 -0.1835493  0.1027183 -0.2789718
  1847 -0.2758808  0.0000000 -0.1804582 -0.3713033 -0.0850357 -0.4667258
  1848 -0.2038024  0.0000000 -0.1083798 -0.2992249 -0.0129573 -0.3946474
  1849 -0.2972149  0.0000000 -0.2017924 -0.3926374 -0.1063699 -0.4880600
  1850 -0.2454583  0.0000000 -0.1500358 -0.3408808 -0.0546133 -0.4363034
  1851 -0.2871574  0.0000000 -0.1917348 -0.3825799 -0.0963123 -0.4780024
  1852 -0.1357753  0.0000000 -0.0403527 -0.2311978  0.0550698 -0.3266203
  1853 -0.2267868  0.0000000 -0.1313643 -0.3222094 -0.0359418 -0.4176319
  1854 -0.2550712  0.0000000 -0.1596487 -0.3504937 -0.0642261 -0.4459162
  1855 -0.1700552  0.0000000 -0.0746327 -0.2654777  0.0207898 -0.3609002
  1856 -0.0967660  0.0000000 -0.0013435 -0.1921886  0.0940790 -0.2876111
  1857 -0.1600564  0.0000000 -0.0646339 -0.2554789  0.0307886 -0.3509014
  1858 -0.2573752  0.0000000 -0.1619527 -0.3527977 -0.0665302 -0.4482203
  1859 -0.1255211  0.0000000 -0.0300986 -0.2209436  0.0653240 -0.3163661
  1860 -0.2864194  0.0000000 -0.1909969 -0.3818419 -0.0955743 -0.4772644
  1861 -0.1946566  0.0000000 -0.0992340 -0.2900791 -0.0038115 -0.3855016
  1862 -0.1915457  0.0000000 -0.0961232 -0.2869682 -0.0007007 -0.3823907
  1863 -0.1367022  0.0000000 -0.0412797 -0.2321247  0.0541429 -0.3275472
  1864 -0.3886699  0.0000000 -0.2932474 -0.4840925 -0.1978249 -0.5795150
  1865 -0.1396327  0.0000000 -0.0442102 -0.2350552  0.0512123 -0.3304778
  1866 -0.1970366  0.0000000 -0.1016141 -0.2924591 -0.0061916 -0.3878817
  1867 -0.2028565  0.0000000 -0.1074340 -0.2982790 -0.0120115 -0.3937016
  1868 -0.1669939  0.0000000 -0.0715714 -0.2624165  0.0238511 -0.3578390
  1869 -0.2327673  0.0000000 -0.1373447 -0.3281898 -0.0419222 -0.4236123
  1870 -0.3898311  0.0000000 -0.2944086 -0.4852537 -0.1989861 -0.5806762
  1871 -0.3276462  0.0000000 -0.2322237 -0.4230687 -0.1368011 -0.5184912
  1872 -0.2357605  0.0000000 -0.1403380 -0.3311830 -0.0449155 -0.4266055
  1873 -0.2087455  0.0000000 -0.1133230 -0.3041681 -0.0179005 -0.3995906
  1874 -0.2574396  0.0000000 -0.1620170 -0.3528621 -0.0665945 -0.4482846
  1875 -0.2359946  0.0000000 -0.1405721 -0.3314171 -0.0451496 -0.4268397
  1876 -0.1891281  0.0000000 -0.0937056 -0.2845506  0.0017170 -0.3799731
  1877 -0.0139985  0.0000000  0.0814241 -0.1094210  0.1768466 -0.2048435
  1878 -0.0873480  0.0000000  0.0080746 -0.1827705  0.1034971 -0.2781930
  1879 -0.2959085  0.0000000 -0.2004860 -0.3913310 -0.1050634 -0.4867535
  1880 -0.2367548  0.0000000 -0.1413322 -0.3321773 -0.0459097 -0.4275998
  1881 -0.1977375  0.0000000 -0.1023150 -0.2931601 -0.0068925 -0.3885826
  1882 -0.2035567  0.0000000 -0.1081342 -0.2989792 -0.0127117 -0.3944017
  1883 -0.2489425  0.0000000 -0.1535200 -0.3443651 -0.0580975 -0.4397876
  1884 -0.2124676  0.0000000 -0.1170451 -0.3078901 -0.0216225 -0.4033126
  1885 -0.1895728  0.0000000 -0.0941503 -0.2849954  0.0012722 -0.3804179
  1886 -0.1083780  0.0000000 -0.0129555 -0.2038005  0.0824670 -0.2992230
  1887 -0.3264942  0.0000000 -0.2310717 -0.4219167 -0.1356492 -0.5173393
  1888 -0.1693590  0.0000000 -0.0739364 -0.2647815  0.0214861 -0.3602040
  1889 -0.1339301  0.0000000 -0.0385075 -0.2293526  0.0569150 -0.3247751
  1890 -0.3106586  0.0000000 -0.2152361 -0.4060811 -0.1198135 -0.5015036
  1891 -0.1754347  0.0000000 -0.0800122 -0.2708573  0.0154103 -0.3662798
  1892 -0.3185983  0.0000000 -0.2231758 -0.4140209 -0.1277533 -0.5094434
  1893 -0.3235841  0.0000000 -0.2281616 -0.4190066 -0.1327391 -0.5144291
  1894 -0.1970023  0.0000000 -0.1015798 -0.2924248 -0.0061572 -0.3878473
  1895 -0.1578151  0.0000000 -0.0623926 -0.2532376  0.0330300 -0.3486601
  1896 -0.0804484  0.0000000  0.0149741 -0.1758709  0.1103966 -0.2712935
  1897 -0.0536516  0.0000000  0.0417709 -0.1490741  0.1371934 -0.2444966
  1898 -0.2195306  0.0000000 -0.1241081 -0.3149531 -0.0286856 -0.4103757
  1899 -0.3485892  0.0000000 -0.2531666 -0.4440117 -0.1577441 -0.5394342
  1900 -0.1252827  0.0000000 -0.0298602 -0.2207052  0.0655623 -0.3161278
  1901 -0.1575302  0.0000000 -0.0621077 -0.2529527  0.0333148 -0.3483753
  1902 -0.3663333 -0.2042578 -0.2709108 -0.4617558 -0.1754883 -0.5571783
  1903 -0.2350426 -0.2803433 -0.1396201 -0.3304651 -0.0441976 -0.4258877
  1904 -0.3850943 -0.3509452 -0.2896718 -0.4805168 -0.1942493 -0.5759394
  1905 -0.1991955 -0.1710876 -0.1037729 -0.2946180 -0.0083504 -0.3900405
  1906 -0.1296604 -0.1038762 -0.0342379 -0.2250829  0.0611846 -0.3205055
  1907 -0.3464922 -0.3707367 -0.2510697 -0.4419147 -0.1556472 -0.5373373
  1908 -0.3619747 -0.3599859 -0.2665522 -0.4573972 -0.1711296 -0.5528197
  1909 -0.4111880 -0.2897882 -0.3157654 -0.5066105 -0.2203429 -0.6020330
  1910 -0.2769487 -0.2917020 -0.1815261 -0.3723712 -0.0861036 -0.4677937
  1911 -0.2118404 -0.3385024 -0.1164179 -0.3072629 -0.0209954 -0.4026854
  1912 -0.3256191 -0.3442306 -0.2301966 -0.4210416 -0.1347741 -0.5164641
  1913 -0.2290638 -0.3675348 -0.1336412 -0.3244863 -0.0382187 -0.4199088
  1914 -0.1747661 -0.1213047 -0.0793435 -0.2701886  0.0160790 -0.3656111
  1915 -0.1071716  0.0624685 -0.0117491 -0.2025941  0.0836734 -0.2980167
  1916 -0.1956951 -0.2353008 -0.1002726 -0.2911177 -0.0048501 -0.3865402
  1917 -0.3189316 -0.3923978 -0.2235091 -0.4143541 -0.1280866 -0.5097766
  1918 -0.2134934 -0.2257204 -0.1180709 -0.3089159 -0.0226484 -0.4043385
  1919 -0.0826564 -0.2693796  0.0127661 -0.1780789  0.1081886 -0.2735015
  1920 -0.1871199 -0.2027059 -0.0916974 -0.2825424  0.0037252 -0.3779649
  1921 -0.1561463 -0.1118524 -0.0607238 -0.2515688  0.0346987 -0.3469913
  1922 -0.2795967 -0.1998181 -0.1841742 -0.3750192 -0.0887517 -0.4704418
  1923 -0.0435300 -0.1678602  0.0518925 -0.1389525  0.1473151 -0.2343750
  1924 -0.0679943 -0.1973215  0.0274282 -0.1634168  0.1228508 -0.2588393
  1925 -0.1642678 -0.0256582 -0.0688453 -0.2596903  0.0265772 -0.3551128
  1926  0.1192476  0.1100912  0.2146701  0.0238250  0.3100926 -0.0715975
  1927 -0.0323715 -0.0040657  0.0630510 -0.1277940  0.1584735 -0.2232166
  1928  0.0683044 -0.0136192  0.1637269 -0.0271181  0.2591494 -0.1225406
  1929 -0.1697335 -0.2062956 -0.0743110 -0.2651560  0.0211115 -0.3605785
  1930  0.1527249  0.0899429  0.2481474  0.0573024  0.3435699 -0.0381202
  1931 -0.0172629  0.1337596  0.0781596 -0.1126854  0.1735821 -0.2081080
  1932  0.0243888  0.0758876  0.1198114 -0.0710337  0.2152339 -0.1664562
  1933 -0.1144545 -0.1206440 -0.0190320 -0.2098771  0.0763905 -0.3052996
  1934  0.0742866  0.0610361  0.1697091 -0.0211360  0.2651316 -0.1165585
  1935  0.1326570 -0.0109861  0.2280795  0.0372345  0.3235020 -0.0581881
  1936  0.1069506  0.1296221  0.2023731  0.0115281  0.2977956 -0.0838944
  1937  0.2401706  0.1742585  0.3355931  0.1447480  0.4310156  0.0493255
  1938  0.1881547  0.2302580  0.2835773  0.0927322  0.3789998 -0.0026903
  1939  0.1671797  0.1465522  0.2626022  0.0717572  0.3580248 -0.0236653
  1940  0.0030006  0.0667511  0.0984231 -0.0924219  0.1938457 -0.1878444
  1941  0.1621686  0.1277743  0.2575912  0.0667461  0.3530137 -0.0286764
  1942  0.1041220  0.1176541  0.1995445  0.0086995  0.2949670 -0.0867231
  1943  0.1620405  0.1448914  0.2574630  0.0666180  0.3528856 -0.0288045
  1944  0.2780561  0.2929528  0.3734786  0.1826335  0.4689011  0.0872110
  1945  0.1358824  0.0922990  0.2313049  0.0404599  0.3267274 -0.0549627
  1946  0.1361695  0.1549699  0.2315920  0.0407469  0.3270145 -0.0546756
  1947  0.2252086  0.0743499  0.3206311  0.1297861  0.4160536  0.0343635
  1948  0.1651252  0.1528050  0.2605477  0.0697027  0.3559702 -0.0257199
  1949 -0.0042933  0.1254934  0.0911292 -0.0997158  0.1865518 -0.1951383
  1950  0.0566309 -0.0099474  0.1520534 -0.0387916  0.2474759 -0.1342141
  1951 -0.0198863  0.1672659  0.0755363 -0.1153088  0.1709588 -0.2107313
  1952  0.0914243  0.1976817  0.1868468 -0.0039982  0.2822693 -0.0994208
  1953  0.0275987  0.3133181  0.1230212 -0.0678238  0.2184437 -0.1632463
  1954  0.0749783  0.0500672  0.1704009 -0.0204442  0.2658234 -0.1158667
  1955  0.1138977  0.1013156  0.2093202  0.0184751  0.3047427 -0.0769474
  1956 -0.0656928 -0.1390193  0.0297297 -0.1611153  0.1251522 -0.2565379
  1957  0.1289460  0.1994073  0.2243686  0.0335235  0.3197911 -0.0618990
  1958  0.2642649  0.3046018  0.3596874  0.1688424  0.4551100  0.0734199
  1959  0.1892212  0.2025071  0.2846437  0.0937987  0.3800663 -0.0016238
  1960  0.2595679  0.1700250  0.3549904  0.1641453  0.4504129  0.0687228
  1961  0.1649680  0.2860675  0.2603905  0.0695455  0.3558130 -0.0258771
  1962  0.0818349  0.3115508  0.1772574 -0.0135876  0.2726800 -0.1090101
  1963  0.1379396  0.2926217  0.2333621  0.0425171  0.3287846 -0.0529055
  1964  0.1079217 -0.0092769  0.2033442  0.0124992  0.2987668 -0.0829233
  1965  0.0401977 -0.0261943  0.1356202 -0.0552248  0.2310428 -0.1506473
  1966  0.2412938  0.1278129  0.3367163  0.1458713  0.4321388  0.0504487
  1967  0.1021834  0.1451215  0.1976059  0.0067609  0.2930284 -0.0886616
  1968  0.1728354  0.0427326  0.2682580  0.0774129  0.3636805 -0.0180096
  1969  0.1891639  0.0529619  0.2845864  0.0937414  0.3800090 -0.0016811
  1970  0.1330777  0.0986585  0.2285003  0.0376552  0.3239228 -0.0577673
  1971 -0.1076008 -0.0582267 -0.0121783 -0.2030234  0.0832442 -0.2984459
  1972  0.0387360 -0.0626322  0.1341585 -0.0566865  0.2295810 -0.1521091
  1973  0.1062802  0.1894783  0.2017027  0.0108577  0.2971252 -0.0845648
  1974 -0.1009577 -0.0886226 -0.0055352 -0.1963802  0.0898873 -0.2918028
  1975  0.0417686  0.0199563  0.1371911 -0.0536540  0.2326136 -0.1490765
  1976  0.0456364 -0.1992646  0.1410589 -0.0497861  0.2364815 -0.1452086
  1977  0.1694128  0.1887062  0.2648353  0.0739903  0.3602578 -0.0214322
  1978  0.0977776  0.1070598  0.1932001  0.0023551  0.2886227 -0.0930674
  1979  0.2573033  0.2255366  0.3527258  0.1618808  0.4481483  0.0664583
  1980  0.1213765  0.2128329  0.2167990  0.0259540  0.3122215 -0.0694686
  1981  0.0000000  0.3820948  0.0000000  0.0000000  0.0000000  0.0000000
  1982  0.0000000  0.1555486  0.0000000  0.0000000  0.0000000  0.0000000
  1983  0.0000000  0.3991676  0.0000000  0.0000000  0.0000000  0.0000000
  1984  0.0000000  0.1024897  0.0000000  0.0000000  0.0000000  0.0000000
  1985  0.0000000  0.0390147  0.0000000  0.0000000  0.0000000  0.0000000
  1986  0.0000000  0.1980824  0.0000000  0.0000000  0.0000000  0.0000000
  1987  0.0000000  0.3586828  0.0000000  0.0000000  0.0000000  0.0000000
  1988  0.0000000  0.4126460  0.0000000  0.0000000  0.0000000  0.0000000
  1989  0.0000000  0.3791483  0.0000000  0.0000000  0.0000000  0.0000000
  1990  0.0000000  0.5740622  0.0000000  0.0000000  0.0000000  0.0000000
  1991  0.0000000  0.4239854  0.0000000  0.0000000  0.0000000  0.0000000
  1992  0.0000000  0.2700000  0.0000000  0.0000000  0.0000000  0.0000000
  1993  0.0000000  0.3000000  0.0000000  0.0000000  0.0000000  0.0000000
  1994  0.0000000  0.4500000  0.0000000  0.0000000  0.0000000  0.0000000
  1995  0.0000000  0.6600000  0.0000000  0.0000000  0.0000000  0.0000000
